t,1,2,3,4
lambda,0.777,0.787,0.796,0.782
Irrad,0.8,0.9,1.0,1.0
cents/kWh,4.0,6.0,4.0,4.0
P_Subs,0.9740294657740332,0.8151677951114903,0.8489161771036158,0.8016543737370122
P_ij_1_2,0.9740294657740332,0.8151677951114906,0.8489161771036162,0.8016543737370126
P_ij_2_3,0.9740294657740332,0.8151677951114911,0.8489161771036166,0.801654373737013
P_ij_3_4,0.005180259,0.005246929000000044,0.005306932000000247,0.005213594000000067
P_ij_3_5,0.028228552831004824,0.025680038261144518,0.026528363557237977,0.02551346930430614
P_ij_3_9,0.929330171403532,0.7790454604698023,0.811135630234984,0.7662650829676645
P_ij_5_6,0.010357410000000001,0.010490709999999761,0.01061067999999997,0.010424059999999786
P_ij_5_7,0.017871142831004824,0.01518932826114494,0.01591768355723798,0.015089409304306516
P_ij_7_8,0.010357410000000001,0.01049070999999957,0.010610679999999784,0.010424059999999595
P_ij_9_10,0.9260167124035322,0.7758986814698017,0.8081621982349831,0.7633849889676638
P_ij_10_11,0.03056055153640062,0.025131956380253576,0.026528363328209677,0.02496538142943808
P_ij_10_14,0.005180259,0.005246929000000851,0.005306932000001282,0.0052135940000009075
P_ij_10_15,0.8902759018671311,0.7455197960895463,0.7763269029067709,0.7332060135382239
P_ij_11_126,0.015537669,0.015737639000002798,0.01591761200000456,0.015637654000003033
P_ij_15_20,0.3235239256662214,0.2665368999726229,0.27948894353048226,0.26304608886468367
P_ij_15_36,0.026828151534154937,0.020933006380056948,0.021862863342759935,0.02029988142374155
P_ij_15_117,0.5399238246667548,0.458049889736865,0.47497509603352667,0.4498600432497971
P_ij_16_12,0.005180259,0.00524692900000068,0.005306932000001123,0.00521359400000074
P_ij_16_13,0.010357410000000001,0.01049071000000068,0.010610680000001123,0.01042406000000074
P_ij_17_18,0.01129048253415498,0.005195367380052875,0.005945251342754142,0.00466222742373724
P_ij_17_19,0.005180259000000002,0.005246929000001329,0.005306932000001904,0.005213594000001408
P_ij_20_21,0.025380292534216996,0.01988502738002152,0.021221431344027764,0.01975178741470566
P_ij_20_23,0.07203912437435481,0.0633955146396334,0.06494708691478296,0.06199597062838076
P_ij_20_118,0.22610450875764956,0.1832563579529667,0.19332042527166957,0.18129833082159585
P_ij_21_22,0.015022882534216993,0.009394317380020207,0.010610751344025787,0.00932772741470424
P_ij_23_24,0.010357410000000001,0.010490710000001286,0.010610680000001963,0.010424060000001392
P_ij_23_25,0.06168171437435481,0.05290480463963082,0.05433640691477903,0.05157191062837796
P_ij_25_26,0.006625010000000001,0.006291760000001265,0.005945180000001953,0.005758560000001375
P_ij_25_27,0.05505670437435481,0.04661304463962827,0.04839122691477511,0.0458133506283752
P_ij_27_30,0.03573770253436901,0.03037573738003396,0.0318321113436139,0.03017584741219794
P_ij_27_127,0.0193190018399858,0.016237307259593055,0.016559115571159265,0.015637503216175887
P_ij_28_29,0.006625010000000001,0.006291760000002486,0.005945180000003884,0.005758560000002711
P_ij_28_33,0.012693991839985798,0.009945547259588053,0.010613935571151485,0.00987894321617044
P_ij_29_35,0.006625010000000001,0.006291760000001237,0.005945180000001939,0.005758560000001351
P_ij_30_31,0.020714820000000002,0.020981420000003748,0.021221360000005834,0.02084812000000408
P_ij_31_32,0.010357410000000001,0.010490710000002497,0.010610680000003887,0.010424060000002719
P_ij_32_119,0.0,1.2473575235778473e-15,1.942957068220248e-15,1.3586124042911919e-15
P_ij_33_34,0.0075137328399857975,0.004698618259586811,0.0053070035711495454,0.004665349216169088
P_ij_36_17,0.016470741534154936,0.010442296380055562,0.011252183342757977,0.009875821423740085
P_ij_37_38,0.021184601840453777,0.018336107259633305,0.018891115571051442,0.017969503223763027
P_ij_37_42,0.1898970243830507,0.15552593331330553,0.16381855835586148,0.1540011001800551
P_ij_38_39,0.010357410000000001,0.010490710000001312,0.010610680000002004,0.010424060000001423
P_ij_38_40,0.010827191840453778,0.007845397259630679,0.008280435571047432,0.007545443223760177
P_ij_40_41,0.005646932840453776,0.0025984682596293706,0.0029735035710454307,0.0023318492237587567
P_ij_42_43,0.005180259,0.005246929000001328,0.005306932000002023,0.005213594000001441
P_ij_42_44,0.1847167653830507,0.15027900431330288,0.15851162635585742,0.14878750618005224
P_ij_44_45,0.010357410000000001,0.010490710000001338,0.010610680000002044,0.010424060000001454
P_ij_44_46,0.16917909638305068,0.1345413653133002,0.1425940143558533,0.13314985218004932
P_ij_46_47,0.010827191840653661,0.00784539725960792,0.008280435571176432,0.007545443224497697
P_ij_46_49,0.15835190454239703,0.12669596805369093,0.13431357878467484,0.1256044089555502
P_ij_47_48,0.0033134590000000004,0.003146779000001344,0.002973432000002062,0.0028800940000014643
P_ij_49_50,0.07888997170171588,0.04933249979409248,0.05572007521340703,0.04898255973123001
P_ij_49_51,0.052266932840681145,0.049818468259597085,0.050733503571265735,0.04925184922431871
P_ij_51_52,0.016004342840681137,0.013089178259595735,0.013584183571263666,0.012755909224317232
P_ij_52_53,0.005646932840681137,0.002598468259594382,0.0029735035712615946,0.0023318492243157595
P_ij_53_120,0.0,1.3555226381495894e-15,2.0775825999403507e-15,1.4764808456497146e-15
P_ij_54_55,0.5295664146667548,0.44755917973686127,0.4643644160335217,0.4394359832497932
P_ij_55_56,0.5192090046667548,0.4370684697368586,0.4537537360335182,0.42901192324979043
P_ij_56_57,0.012693991845233496,0.009945547259378958,0.010613935580115448,0.009878943287333146
P_ij_56_59,0.5065150128215213,0.42712292247747663,0.44313980045339896,0.4191329799624542
P_ij_57_58,0.007513732845233496,0.004698618259375985,0.0053070035801116855,0.004665349287330075
P_ij_59_60,0.008493718,0.008393708000007478,0.008280364000009277,0.008093688000007695
P_ij_59_62,0.4980212948215213,0.4187292144774655,0.4348594364533851,0.41103929196244265
P_ij_60_61,0.0033134590000000004,0.0031467790000037415,0.0029734320000046424,0.0028800940000038504
P_ij_62_63,0.0,1.0690185221068071e-14,1.2912236457538404e-14,1.0941951897613491e-14
P_ij_62_64,0.0990942818020357,0.07852105229510892,0.08183625449208479,0.07627101018693826
P_ij_62_125,0.3914132801861899,0.335509543923959,0.3477161783680468,0.33010293242869326
P_ij_63_122,0.0,5.345111855721197e-15,6.456140846975666e-15,5.470995664039619e-15
P_ij_64_65,0.08873687180203568,0.06803034229510348,0.07122557449207823,0.06584695018693269
P_ij_65_66,0.07837946180203569,0.057539632295097974,0.06061489449207159,0.05542289018692706
P_ij_66_67,0.05895446180203569,0.03786463229509237,0.04071489449206483,0.035872890186921316
P_ij_67_68,0.019425,0.01967500000000573,0.019900000000006902,0.01955000000000586
P_ij_69_70,0.03200841060494845,0.02617993537886625,0.02716979545276677,0.02551347549398418
P_ij_69_74,0.2384688519182121,0.2082610411513799,0.21548674892703343,0.20542028299991227
P_ij_69_99,0.12093601766302943,0.10106856739369621,0.10505963398822657,0.09916917393477978
P_ij_70_71,0.026828151604948447,0.020933006378860163,0.021862863452759472,0.02029988149397796
P_ij_71_72,0.011805269,0.011538689000012634,0.011252112000015115,0.010972154000012906
P_ij_72_73,0.006625010000000001,0.0062917600000063365,0.00594518000000758,0.005758560000006473
P_ij_74_75,0.035737702610863786,0.03037573737883313,0.0318321114567226,0.030175847500967586
P_ij_74_78,0.2027311493073483,0.1778853037725405,0.18365463747030333,0.1752444354989383
P_ij_75_76,0.020714820000000002,0.020981420000013042,0.02122136000001557,0.02084812000001332
P_ij_76_77,0.010357410000000001,0.010490710000006554,0.010610680000007823,0.010424060000006691
P_ij_78_79,0.06867918586310838,0.05126033013622538,0.05433647839865089,0.04992749053471905
P_ij_78_88,0.0705943734442399,0.06235068363630871,0.06430883907164478,0.06145100496421273
P_ij_79_80,0.0573887032461468,0.046064962757436816,0.048391226937771606,0.04526526302740372
P_ij_80_81,0.010357410000000001,0.010490710000006596,0.010610680000007868,0.010424060000006733
P_ij_80_82,0.0470312932461468,0.03557425275742363,0.03778054693775588,0.03484120302739026
P_ij_82_83,0.036673883246146795,0.02508354275741693,0.027169866937747894,0.02441714302738342
P_ij_83_84,0.020203141621573162,0.014641246378750144,0.015917683465455964,0.014541321512398774
P_ij_83_86,0.016470741624573633,0.010442296378660051,0.011252183472283905,0.009875821514977772
P_ij_84_85,0.005180259,0.005246929000006764,0.005306932000008057,0.0052135940000069035
P_ij_86_87,0.011290482624573633,0.005195367378653078,0.0059452514722756105,0.004662227514970657
P_ij_88_89,0.0654141144442399,0.057103754636301976,0.05900190707163676,0.056237410964205856
P_ij_89_90,0.010357410000000001,0.010490710000006953,0.010610680000008268,0.010424060000007094
P_ij_89_91,0.0446992944442399,0.036122334636288105,0.037780547071620256,0.035389290964191696
P_ij_91_92,0.015022882626952602,0.009394317378675625,0.010610751472248582,0.009327727521091246
P_ij_91_93,0.029676411817287297,0.026728017257605468,0.02716979559936334,0.026061563443093298
P_ij_93_94,0.006625010000000001,0.006291760000007125,0.005945180000008462,0.005758560000007267
P_ij_93_95,0.023051401817287296,0.020436257257591274,0.021224615599346477,0.02030300344307882
P_ij_95_96,0.010357410000000001,0.010490710000007158,0.0106106800000085,0.0104240600000073
P_ij_95_97,0.012693991817287295,0.009945547257577007,0.010613935599329537,0.00987894344306427
P_ij_97_98,0.005180259,0.00524692900000717,0.005306932000008512,0.005213594000007312
P_ij_99_100,0.03200530260896432,0.02617678737887459,0.027166611453918507,0.025510347498758912
P_ij_99_124,0.08893071505406511,0.07489178001481546,0.0778930225343007,0.07365882643601457
P_ij_100_101,0.021647892608964322,0.015686077378868395,0.01655593145391109,0.015086287498752581
P_ij_101_102,0.010357410000000001,0.010490710000012563,0.01061068000001503,0.010424060000012834
P_ij_102_123,0.0,6.293659732330674e-15,7.530088332708111e-15,6.429873710275292e-15
P_ij_103_104,0.030560551614985897,0.025131956378759816,0.02652836346197698,0.024965381501982492
P_ij_103_107,0.058370163439079206,0.04975982363604319,0.051364659072308805,0.04869344493401935
P_ij_104_105,0.025380292614985898,0.01988502737875342,0.021221431461969333,0.019751787501975957
P_ij_105_106,0.015022882614985895,0.009394317378746922,0.010610751461961571,0.009327727501969323
P_ij_107_108,0.01698242,0.016782470000013035,0.01655586000001557,0.016182620000013314
P_ij_107_110,0.04138774343907921,0.03297735363602375,0.03480879907228558,0.032510824933999496
P_ij_108_109,0.010357410000000001,0.010490710000006563,0.010610680000007833,0.010424060000006702
P_ij_110_111,0.04138774343907921,0.0329773536360107,0.034808799072270004,0.032510824933986174
P_ij_110_121,0.0,6.538086429868603e-15,7.805967164582446e-15,6.676515294439797e-15
P_ij_111_112,0.026364860817624427,0.02358303625735415,0.02419804760224408,0.02318309742623131
P_ij_112_113,0.005180259,0.005246929000007318,0.005306932000008687,0.005213594000007464
P_ij_112_114,0.021184601817624427,0.018336107257339612,0.018891115602226817,0.01796950342621648
P_ij_114_115,0.016004342817624424,0.013089178257332326,0.013584183602218167,0.01275590942620905
P_ij_115_116,0.005646932817624426,0.0025984682573248546,0.0029735036022093078,0.0023318494262014326
P_ij_117_54,0.5399238246667548,0.45804988973686356,0.4749750960335246,0.4498600432497956
P_ij_118_37,0.22610450875764956,0.18325635795296535,0.1933204252716676,0.1812983308215944
P_ij_124_103,0.08893071505406511,0.0748917800148093,0.07789302253429331,0.07365882643600827
P_ij_125_128,0.3914132801861899,0.33550954392395366,0.34771617836804036,0.3301029324286878
P_ij_126_16,0.015537669,0.01573763900000208,0.0159176120000034,0.015637654000002256
P_ij_127_28,0.0193190018399858,0.016237307259591792,0.016559115571157315,0.015637503216174516
P_ij_128_69,0.3914132801861899,0.33550954392394833,0.3477161783680339,0.3301029324286824
Q_ij_1_2,0.49371256270575425,0.4341218798363058,0.492377385728606,0.48638409908141766
Q_ij_2_3,0.49371256270575425,0.4341218798363058,0.492377385728606,0.48638409908141766
Q_ij_3_4,0.002589741,0.002623071000000909,0.0026530680000012912,0.002606406000000966
Q_ij_3_5,0.012931292865099323,0.012895679346137478,0.013261488456021008,0.013030152845580865
Q_ij_3_9,0.47284639405112255,0.4149374157056701,0.47121174945146677,0.46557509115423745
Q_ij_5_6,0.005180259,0.005246929000000621,0.00530693200000101,0.00521359400000068
Q_ij_5_7,0.007751033865099322,0.00764875034613618,0.007954556456018932,0.007816558845579448
Q_ij_7_8,0.005180259,0.005246929000000428,0.005306932000000821,0.005213594000000488
Q_ij_9_10,0.47023707675251003,0.4126933920606619,0.4685754499377704,0.4629766237433693
Q_ij_10_11,0.012836696240556982,0.01236092125312003,0.013182888952255556,0.01297085324873242
Q_ij_10_14,0.002589741,0.0026230710000025442,0.002653068000003395,0.002606406000002672
Q_ij_10_15,0.45481063951195283,0.3977093998075368,0.452739492985508,0.4473993644946315
Q_ij_11_126,0.007770000000000001,0.00787000000000956,0.007960000000013002,0.007820000000010081
Q_ij_15_20,0.1719070390159514,0.144384734777899,0.1683546632478596,0.16636323448225032
Q_ij_15_36,0.013062440040518812,0.011301587760709388,0.013070158638751446,0.012881169188241963
Q_ij_15_117,0.2698411604554827,0.2420230772689247,0.271314671098892,0.2681549608241353
Q_ij_16_12,0.002589741,0.002623071000002371,0.002653068000003233,0.0026064060000025014
Q_ij_16_13,0.005180259,0.005246929000002371,0.005306932000003233,0.005213594000002502
Q_ij_17_18,0.005292440040518818,0.003431587760698491,0.00511015863873716,0.005061169188230558
Q_ij_17_19,0.0025897409999999983,0.0026230710000036024,0.002653068000004735,0.0026064060000037725
Q_ij_20_21,0.010193880038667677,0.009731538507329615,0.010490914444869647,0.01033621207787224
Q_ij_20_23,0.03668492457613871,0.03354311737598748,0.036846387841610276,0.036271577155276534
Q_ij_20_118,0.12502823440114502,0.1011100788945784,0.12101736096137489,0.11975544524909786
Q_ij_21_22,0.005013621038667678,0.004484609507326145,0.005183982444864856,0.005122618077868549
Q_ij_23_24,0.005180259,0.005246929000003412,0.00530693200000476,0.005213594000003641
Q_ij_23_25,0.03150466557613871,0.028296188375980642,0.03153945584160074,0.03105798315526924
Q_ij_25_26,0.005494758703113967,0.004142403042744608,0.005231518386886141,0.005156930870465594
Q_ij_25_27,0.026009906873024742,0.024153785333232647,0.026307937454709853,0.025901052284800028
Q_ij_27_30,0.015374954031693913,0.01499019901138301,0.01579939251613239,0.015552375408440407
Q_ij_27_127,0.01063495284133083,0.009163586321846289,0.010508544938572737,0.010348676876356034
Q_ij_28_29,0.005500972453942575,0.004131347582207999,0.005231966821997314,0.005157809479411334
Q_ij_28_33,0.005133980387388255,0.0050322387396316125,0.005276578116565977,0.005190867396937547
Q_ij_29_35,0.005500972453942575,0.004131347582204679,0.005231966821992601,0.005157809479407774
Q_ij_30_31,0.010360518,0.01049385800000997,0.010613864000014146,0.01042718800001069
Q_ij_31_32,0.005180259,0.0052469290000066405,0.005306932000009427,0.00521359400000712
Q_ij_32_119,0.0,3.318923309891199e-15,4.712596805186854e-15,3.55899914196622e-15
Q_ij_33_34,0.002544239387388255,0.0024091677396282972,0.0026235101165612658,0.0025844613969339915
Q_ij_36_17,0.007882181040518813,0.006054658760705727,0.007763226638746658,0.007667575188238134
Q_ij_37_38,0.010347123228222834,0.009803146633118659,0.010548820195370682,0.010389123930772824
Q_ij_37_42,0.1096706500994681,0.08682143283714139,0.10528608725667335,0.10424456176728245
Q_ij_38_39,0.005180259,0.005246929000003454,0.005306932000004837,0.0052135940000036934
Q_ij_38_40,0.005166864228222834,0.004556217633111747,0.005241888195361009,0.005175529930765433
Q_ij_40_41,0.002577123228222834,0.0019331466331082969,0.0025888201953561734,0.0025691239307617433
Q_ij_42_43,0.002589741,0.0026230710000034875,0.0026530680000048756,0.002606406000003729
Q_ij_42_44,0.10708090909946809,0.0841983618371344,0.1026330192566636,0.10163815576727499
Q_ij_44_45,0.005180259,0.005246929000003502,0.005306932000004913,0.005213594000003751
Q_ij_44_46,0.09931090909946809,0.0763283618371274,0.09467301925665378,0.09381815576726749
Q_ij_46_47,0.005166954480490739,0.004554469849313074,0.005241741167364388,0.0051747139151614874
Q_ij_46_49,0.09414395461897734,0.07177389198781083,0.08943127808928446,0.08864344185210225
Q_ij_47_48,0.0026270029237821183,0.002149613595800766,0.0026197313745345025,0.0025915859582983118
Q_ij_49_50,0.042353602740472306,0.0199969151791816,0.03642658908502315,0.03654589736619305
Q_ij_49_51,0.03236535187850504,0.0321019768086257,0.03310468900425636,0.032547544485905425
Q_ij_51_52,0.007757761878505037,0.007177686808622162,0.007895369004251394,0.007781604485901637
Q_ij_52_53,0.0025775028785050363,0.0019307578086186286,0.0025884370042464195,0.002568010485897846
Q_ij_53_120,0.0,3.540583832106316e-15,4.988482117113168e-15,3.800544825882927e-15
Q_ij_54_55,0.2646609014554827,0.23677614826891552,0.26600773909888037,0.2629413668241258
Q_ij_55_56,0.2594806424554827,0.2315292192689092,0.26070080709887256,0.2577277728241193
Q_ij_56_57,0.005084089452197374,0.004974833534822682,0.005252472517621179,0.005169118417560108
Q_ij_56_59,0.25439655300328534,0.22655438573407966,0.25544833458124294,0.25255865440655206
Q_ij_57_58,0.0024943484521973737,0.0023517625348158234,0.0025994045176127374,0.0025627124175530377
Q_ij_59_60,0.005204864861878388,0.0048306243517325115,0.0052872532063820065,0.005178816480165537
Q_ij_59_62,0.24919168814140694,0.22172376138233876,0.25016108137485077,0.2473798379263779
Q_ij_60_61,0.0026151238618783886,0.0022075533517241014,0.0026341852063717975,0.0025724104801568962
Q_ij_62_63,0.0,2.3431682319223427e-14,2.7921319005734115e-14,2.3971722194287723e-14
Q_ij_62_64,0.0489692808878561,0.03563563414295417,0.04896338989399128,0.04895856445204094
Q_ij_62_125,0.19777617833447164,0.1837943276121075,0.1986334234199727,0.19588860279007875
Q_ij_63_122,0.0,1.1715860404790999e-14,1.39606821209443e-14,1.1985880812440221e-14
Q_ij_64_65,0.0437890218878561,0.030388705142942445,0.04365645789397731,0.04374497045202895
Q_ij_65_66,0.0386087628878561,0.025141776142930693,0.03834952589396331,0.03853137645201692
Q_ij_66_67,0.0295411728878561,0.01595748614291889,0.02906020589394925,0.02940543645200485
Q_ij_67_68,0.00906759,0.00918429000001186,0.009289320000014128,0.009125940000012133
Q_ij_69_70,0.015353527690698652,0.013499086143884545,0.01527001463520971,0.01509308402610233
Q_ij_69_74,0.12599670926146,0.11899439615250526,0.1268924392530622,0.12510137555231524
Q_ij_69_99,0.05642594138231298,0.05130084531568138,0.056470969531657554,0.05569414321162402
Q_ij_70_71,0.012763786690698652,0.010876015143871423,0.012616946635194158,0.012486678026088924
Q_ij_71_72,0.007695049490193396,0.00674877904137363,0.007711120587759542,0.007606218820867794
Q_ij_72_73,0.005105308490193396,0.004125708041360296,0.005058052587743749,0.004999812820854173
Q_ij_74_75,0.015451596090894271,0.014604983834307137,0.015506731735955735,0.015296407184904787
Q_ij_74_78,0.11054511317056574,0.10438941231818455,0.11138570751709043,0.10980496836739662
Q_ij_75_76,0.010360518,0.010493858000027688,0.010613864000032728,0.01042718800002827
Q_ij_76_77,0.005180259,0.005246929000013877,0.0053069320000164,0.005213594000014168
Q_ij_78_79,0.030631597987335345,0.02574631530939197,0.029985993380296446,0.029719318525962653
Q_ij_78_88,0.033293515183230406,0.03142309700877868,0.03363971413677753,0.03316564984141976
Q_ij_79_80,0.025637137972048887,0.022770909073721538,0.025370503610313094,0.025089062888926518
Q_ij_80_81,0.005180259,0.005246929000014279,0.005306932000016854,0.0052135940000145745
Q_ij_80_82,0.020456878972048887,0.017523980073692998,0.020063571610279406,0.01987546888889739
Q_ij_82_83,0.015276619972048886,0.012277051073678503,0.014756639610262308,0.014661874888882598
Q_ij_83_84,0.007713583797048938,0.00670339901535677,0.007520057705910162,0.007453246557607692
Q_ij_83_86,0.007563036174999947,0.005573652058307168,0.0072365819043349695,0.0072086283312600445
Q_ij_84_85,0.002589741,0.0026230710000146257,0.0026530680000172446,0.0026064060000149233
Q_ij_86_87,0.004973295174999947,0.0029505810582923595,0.0045835139043175184,0.004602222331244936
Q_ij_88_89,0.030703774183230406,0.02880002600876412,0.03098664613676036,0.030559243841404904
Q_ij_89_90,0.005180259,0.005246929000014978,0.005306932000017637,0.005213594000015278
Q_ij_89_91,0.020343256183230404,0.018306168008734195,0.020372782136725116,0.020132055841374376
Q_ij_91_92,0.005130237114334711,0.00405990134552177,0.0048508703354340175,0.004832816247762847
Q_ij_91_93,0.015213019068895694,0.01424626666319729,0.015521911801273285,0.015299239593596095
Q_ij_93_94,0.005005841025579193,0.004132347883208265,0.0050246955198566,0.004969688325695187
Q_ij_93_95,0.0102071780433165,0.010113918779973773,0.010497216281398741,0.010329551267885356
Q_ij_95_96,0.005180259,0.005246929000015381,0.00530693200001809,0.005213594000015684
Q_ij_95_97,0.0050269190433165,0.004866989779943062,0.005190284281362618,0.005115957267854038
Q_ij_97_98,0.002589741,0.0026230710000154185,0.0026530680000181324,0.0026064060000157217
Q_ij_99_100,0.01536003362018705,0.013487937346654103,0.015258064378678748,0.015082777687963489
Q_ij_99_124,0.04106590776212593,0.0378129079690139,0.041212905152962956,0.04061136552364686
Q_ij_100_101,0.010179774620187048,0.008241008346640646,0.009951132378662818,0.009869183687949742
Q_ij_101_102,0.005180259,0.0052469290000272655,0.005306932000032263,0.005213594000027848
Q_ij_102_123,0.0,1.3659556316850684e-14,1.6161341753378114e-14,1.3950745814353595e-14
Q_ij_103_104,0.01287637746041721,0.011972650623997456,0.012844680818538004,0.01268223887012868
Q_ij_103_107,0.028189530301708725,0.025840257344989397,0.028368224334392945,0.027929126653490552
Q_ij_104_105,0.010286636460417208,0.00934957962398369,0.010191612818521724,0.010075832870114623
Q_ij_105_106,0.005106377460417208,0.004102650623969823,0.0048846808185053275,0.004862238870100462
Q_ij_107_108,0.010255583437612615,0.00936947173909616,0.010354750897255021,0.010204252771536517
Q_ij_107_110,0.01793394686409611,0.016470785605879345,0.018013473437121504,0.017724873881939853
Q_ij_108_109,0.005180259,0.005246929000014049,0.0053069320000166,0.005213594000014343
Q_ij_110_111,0.01793394686409611,0.016470785605851093,0.018013473437088125,0.017724873881911008
Q_ij_110_121,0.0,1.4161458728069986e-14,1.6727829851427314e-14,1.4457197209028654e-14
Q_ij_111_112,0.012810958366855935,0.012387213056306867,0.013145278386000282,0.012876885175862591
Q_ij_112_113,0.002589741,0.002623071000014917,0.0026530680000175807,0.002606406000015219
Q_ij_112_114,0.010221217366855936,0.00976414205627713,0.010492210385965232,0.010270479175832254
Q_ij_114_115,0.007631476366855935,0.007141071056262247,0.007839142385947689,0.007664073175817067
Q_ij_115_116,0.002451217366855935,0.001894142056247175,0.0025322103859299334,0.0024504791758016915
Q_ij_117_54,0.2698411604554827,0.24202307726892097,0.2713146710988872,0.2681549608241314
Q_ij_118_37,0.12502823440114502,0.10111007889457492,0.12101736096137009,0.11975544524909415
Q_ij_124_103,0.04106590776212593,0.03781290796900051,0.04121290515294711,0.04061136552363318
Q_ij_125_128,0.19777617833447164,0.18379432761209585,0.1986334234199588,0.1958886027900668
Q_ij_126_16,0.007770000000000001,0.00787000000000715,0.007960000000009734,0.007820000000007541
Q_ij_127_28,0.01063495284133083,0.009163586321842937,0.010508544938568008,0.010348676876352448
Q_ij_128_69,0.19777617833447164,0.1837943276120842,0.1986334234199449,0.19588860279005488
l_ij_1_2,1.1240319490819821,0.8039969278344409,0.9078086207231495,0.828748446386038
l_ij_2_3,1.1240324882330375,0.8039972560805874,0.9078090186472747,0.8287487952319726
l_ij_3_4,3.209947524290551e-5,3.28599873296592e-5,3.365540545397282e-5,3.2467093546730826e-5
l_ij_3_5,0.0009226126054902677,0.000788548539160821,0.0008409680301195782,0.0007842980095351619
l_ij_3_9,1.0404848518132346,0.7439741390065756,0.8413125685825441,0.7682439291452302
l_ij_5_6,0.00012845482032926232,0.00013149088870332822,0.0001346773489413647,0.00012991869817559904
l_ij_5_7,0.0003634524989470216,0.00027640804778969295,0.00030298575067545254,0.00027619521706137546
l_ij_7_8,0.00012854465184146464,0.00013157269943229503,0.00013476504249937122,0.00012999983633476923
l_ij_9_10,1.0436752645248555,0.7445104395051825,0.8429714738979256,0.7693515368309037
l_ij_10_11,0.0010710025395657995,0.0007609353250681608,0.0008535271558730394,0.000769070189985925
l_ij_10_14,3.269543969552038e-5,3.3381072246105695e-5,3.423892554166065e-5,3.301156648001924e-5
l_ij_10_15,0.9742237166571438,0.6926079216547257,0.7855535964838601,0.7168383719326177
l_ij_11_126,0.00029442199637521856,0.0003005610533448705,0.0003082988243176645,0.0002972369552239692
l_ij_15_20,0.1322488255235405,0.08996008863928516,0.1045888330500221,0.09504166145499551
l_ij_15_36,0.000877302412568224,0.0005540378383117137,0.0006374259237198781,0.0005671004375685977
l_ij_15_117,0.3589819961035813,0.26275137176647556,0.2939612356096198,0.2691044006767508
l_ij_16_12,3.272271720479616e-5,3.340502568994706e-5,3.426501881802183e-5,3.303557800989553e-5
l_ij_16_13,0.00013083590293956106,0.0001335639907746298,0.00013700251871620248,0.0001320868206329809
l_ij_17_18,0.00015331329590843092,3.7975049882044155e-5,6.041821799110515e-5,4.648504858580434e-5
l_ij_17_19,3.307337068412607e-5,3.370725278595228e-5,3.46057473785199e-5,3.335302186468845e-5
l_ij_20_21,0.0007453161513108116,0.00048424924348299545,0.0005562291877166615,0.0004924276712282428
l_ij_20_23,0.0065113218393551865,0.005082544042091186,0.005534199007775293,0.005111969045483775
l_ij_20_118,0.0665091691778046,0.0432816731495216,0.0516300642797958,0.04677890936543415
l_ij_21_22,0.00025009265905338765,0.0001071362143805587,0.00013851721200784512,0.00011228589943449584
l_ij_23_24,0.00013373476801885169,0.00013604508086250444,0.00013981789801764352,0.0001347105547184864
l_ij_23_25,0.0047837190470498515,0.003559297483322939,0.003921040996759524,0.0035940577680756134
l_ij_25_26,7.392205689027736e-5,5.6141453370230426e-5,6.233563300946569e-5,5.929103300545022e-5
l_ij_25_27,0.003699694435382567,0.0027268303116970137,0.003015517150011423,0.002748224420707584
l_ij_27_30,0.0015111840368883936,0.0011357691911243824,0.0012559911241233693,0.0011441309356769336
l_ij_27_127,0.0004855585867042838,0.0003441002919628019,0.0003825283837621472,0.00034908590338223
l_ij_28_29,7.405689646639467e-5,5.609478004476975e-5,6.239284603597332e-5,5.934828415208187e-5
l_ij_28_33,0.00018725608697227187,0.00012301041500259439,0.00013976807951871718,0.00012367231339707927
l_ij_29_35,7.40646484296858e-5,5.609955483418522e-5,6.239891148515608e-5,5.935392851170041e-5
l_ij_30_31,0.0005357422827213049,0.0005448990691434829,0.0005600623525581916,0.000539577929008349
l_ij_31_32,0.00013396939920811,0.00013625931745089753,0.00014005167542415135,0.00013492857750756651
l_ij_32_119,0.0,1.2451845185355344e-29,2.585861453415788e-29,1.4416784415847217e-29
l_ij_33_34,6.287114335245418e-5,2.7613833384827356e-5,3.487590731776809e-5,2.825539466889028e-5
l_ij_36_17,0.0003286881641792344,0.00014270143094405877,0.00018368225471490976,0.00015343893040240878
l_ij_37_38,0.0005558110404028084,0.00042838248499550404,0.000466197598364309,0.00042826161838592324
l_ij_37_42,0.04808513364753748,0.03143771725960816,0.037763379680868264,0.03437654635823504
l_ij_38_39,0.00013417937202939823,0.0001364050945073647,0.00014024015179011086,0.0001351030084667432
l_ij_38_40,0.00014399791717974137,8.160335175264405e-5,9.569506308119997e-5,8.326401965716814e-5
l_ij_40_41,3.8562569674302e-5,1.0401924577414307e-5,1.5491979251819713e-5,1.1975702747912622e-5
l_ij_42_43,3.360950676148762e-5,3.415450692741534e-5,3.512207034626293e-5,3.383396795673936e-5
l_ij_42_44,0.04567856779140805,0.029452166077919565,0.035578203701369604,0.032333341386513864
l_ij_44_45,0.000134655638784743,0.0001367809276139513,0.00014068948461484445,0.00013552123062002147
l_ij_44_46,0.03864050450632169,0.023787516635345833,0.029283425767212372,0.026467966551489454
l_ij_46_47,0.00014472792414915335,8.190770700918536e-5,9.613030058671028e-5,8.362260017215172e-5
l_ij_46_49,0.03412762539285451,0.02110397012286064,0.026062175779163563,0.02360906292544817
l_ij_47_48,1.7984908518580428e-5,1.4458108239683973e-5,1.5722547616872407e-5,1.499868194265295e-5
l_ij_49_50,0.008076493002634409,0.0028241576903533126,0.004442820086377764,0.0037366969458093014
l_ij_49_51,0.003807178053468456,0.0035007467909548987,0.003679080935377189,0.003486769873408755
l_ij_51_52,0.0003188425781278052,0.0002222340661669417,0.0002476385747782801,0.00022350468798536838
l_ij_52_53,3.884469996132029e-5,1.045255222395e-5,1.5592651195972277e-5,1.2046769872907118e-5
l_ij_53_120,0.0,1.4336189697975797e-29,2.929820252761763e-29,1.6644904825451705e-29
l_ij_54_55,0.348355353502572,0.25288983536231685,0.28367774364121917,0.2593370100665198
l_ij_55_56,0.3363019716699174,0.24220856586889208,0.2723555576136678,0.24866821018812674
l_ij_56_57,0.00018713976759190886,0.00012271340151951993,0.000139818523651997,0.00012371060862841513
l_ij_56_59,0.3215403055221438,0.23196607612214395,0.260832824915923,0.23829738444932586
l_ij_57_58,6.27377146109602e-5,2.739885330405238e-5,3.481932029970417e-5,2.819878740171751e-5
l_ij_59_60,0.00010004007636940864,9.365218728575073e-5,9.688369635252313e-5,9.248706366011696e-5
l_ij_59_62,0.3126412511886723,0.2241674683933808,0.2526330378222771,0.230546774598923
l_ij_60_61,1.7968083123201076e-5,1.4758186740480816e-5,1.5844509132072493e-5,1.494229668247159e-5
l_ij_62_63,0.0,6.7117702717162035e-28,9.637166377883413e-28,7.0534609204374835e-28
l_ij_62_64,0.012508715442622588,0.00752348398862375,0.009261718281198853,0.008344054896573378
l_ij_62_125,0.19690119880541188,0.14807964213598124,0.1633087631463247,0.14966938624819615
l_ij_63_122,0.0,1.6779492124978938e-28,2.409300999990032e-28,1.7633722222534904e-28
l_ij_64_65,0.010045928367110392,0.005626377320137666,0.007119915484780743,0.006358941637695863
l_ij_65_66,0.007842445649125996,0.003999922721674845,0.005254502600717615,0.004640965341980303
l_ij_66_67,0.004477423143007645,0.0017155998949372883,0.0025603323619101197,0.0021953366549733026
l_ij_67_68,0.00047420615473841714,0.0004796869697033751,0.0004942876934165328,0.0004756448261361526
l_ij_69_70,0.0012977418757120981,0.0008823614324502913,0.0009946030261409008,0.000897322627435111
l_ij_69_74,0.07490548400236462,0.05851022101385654,0.06403188406645516,0.05907124245528924
l_ij_69_99,0.01833895031282506,0.013064989926497895,0.01456674652552166,0.01320994740941027
l_ij_70_71,0.0009096861954313725,0.00056633751982284,0.0006529083918430386,0.0005804366135174716
l_ij_71_72,0.00020485899702869778,0.0001819951933858245,0.00019082942803933217,0.00018229202711605161
l_ij_72_73,7.220895441498442e-5,5.768624661351013e-5,6.252174793558103e-5,5.951263991652164e-5
l_ij_74_75,0.001565431556411559,0.0011582411534310098,0.0012871889320407843,0.0011718197754007917
l_ij_74_78,0.05506108090661087,0.04337355033894253,0.04736659616262101,0.0437862641524805
l_ij_75_76,0.0005546658841101778,0.000561741327070541,0.0005786977285304946,0.0005569359011240523
l_ij_76_77,0.00013880331404914314,0.0001405739048049896,0.0001448198370682847,0.00013937105823134493
l_ij_78_79,0.005850205354695663,0.0033603460318310263,0.003961106180212765,0.0034621017418241294
l_ij_78_88,0.006302175009880886,0.004978507486505966,0.005416994532534578,0.005000560486853071
l_ij_79_80,0.004091484240434841,0.0026988535001768476,0.003073183447498442,0.0027492337891789572
l_ij_80_81,0.00013892100981195894,0.00014065289773599292,0.00014492013516771723,0.00013946270558533422
l_ij_80_82,0.0027247685037694556,0.0016076808306532788,0.0018841325595980042,0.0016518209907645442
l_ij_82_83,0.0016363955537875812,0.0007978553216989318,0.0009850460700051391,0.0008334012829018909
l_ij_83_84,0.0004849855739778806,0.00026531588569111595,0.0003194199825398557,0.00027437323083909573
l_ij_83_86,0.00034064975247254174,0.00014335679037620627,0.00018446368952198486,0.00015362399750395682
l_ij_84_85,3.4790539781177015e-5,3.521402631610415e-5,3.6286783946712475e-5,3.491839240531898e-5
l_ij_86_87,0.00015807857672542973,3.656120926478546e-5,5.8146947528047406e-5,4.414774368017722e-5
l_ij_88_89,0.005412792924497318,0.004184729977106586,0.004576479202467401,0.004208859019179473
l_ij_89_90,0.000139185610095056,0.0001409136413747241,0.00014519657874670082,0.000139722289285377
l_ij_89_91,0.002503137174930995,0.0016796112761682613,0.00190062500948761,0.0017050459797821342
l_ij_91_92,0.00026167147537774134,0.00010731440609471825,0.00014048286298846212,0.00011356404642521466
l_ij_91_93,0.0011547784519563298,0.0009399263228044935,0.0010105176366448948,0.0009397642927277348
l_ij_93_94,7.161401254276604e-5,5.8072485762677284e-5,6.255246961738688e-5,5.955307874598426e-5
l_ij_93_95,0.0006601170559612058,0.0005328695114198928,0.0005788096911393771,0.0005341067200177754
l_ij_95_96,0.0001393229760610863,0.0001410356623424168,0.00014533124126121902,0.00013984736532397798
l_ij_95_97,0.00019365168367080408,0.00012567613489085328,0.00014413825812813612,0.00012741530436104136
l_ij_97_98,3.485039568956459e-5,3.5278070344880755e-5,3.635288225599446e-5,3.4980949400361225e-5
l_ij_99_100,0.0012993335945721356,0.0008828182731855653,0.0009951830414677387,0.0008978249172665424
l_ij_99_124,0.009892491790210413,0.00716578412391367,0.007960603323849584,0.007232446764867475
l_ij_100_101,0.0005902102388806148,0.0003197374674564738,0.0003826089048615259,0.0003323396221773825
l_ij_101_102,0.0001383850141175932,0.0001401652566414059,0.00014438846325225235,0.00013896718964419885
l_ij_102_123,0.0,2.30465274432514e-28,3.261520556569437e-28,2.4142562371432015e-28
l_ij_103_104,0.0011348543152720817,0.0007895789960028701,0.0008912745118372973,0.0008022163213618855
l_ij_103_107,0.004335852070490493,0.0032030651039986506,0.00353239600258394,0.00322385345413412
l_ij_104_105,0.0007745988182400636,0.0004923042720869961,0.0005690473757164015,0.0005033912487655158
l_ij_105_106,0.0002603014581365752,0.00010723823572871062,0.00014022793410910423,0.00011338766469862839
l_ij_107_108,0.0004064123096751779,0.00037662532732137205,0.00039145139922757907,0.0003746800993660465
l_ij_107_110,0.0021009093142710634,0.0013852264899691404,0.0015769626878267963,0.0014036274476426443
l_ij_108_109,0.00013856062038812567,0.00014033562587730444,0.000144569482233404,0.00013913689764043235
l_ij_110_111,0.002102015796224901,0.0013858415811608548,0.0015777206074096487,0.0014042730738141258
l_ij_110_121,0.0,2.4813663512337773e-28,3.4997753027660725e-28,2.597170879004331e-28
l_ij_111_112,0.0008898599438048634,0.0007251713666411306,0.0007805429655013448,0.0007217378385255423
l_ij_112_113,3.4774793314244804e-5,3.5199779139164305e-5,3.6269457549770696e-5,3.490106984115113e-5
l_ij_112_114,0.0005735977320011382,0.0004414464557883726,0.00048111667972310795,0.00044006358050677067
l_ij_114_115,0.0003260509560534962,0.00022749088228757823,0.000253523369372514,0.00022756042601604977
l_ij_115_116,3.934777007109254e-5,1.059032809699748e-5,1.5737461162831018e-5,1.1769408053048415e-5
l_ij_117_54,0.35898209540683085,0.26275143420201147,0.2939613103342487,0.26910446640253155
l_ij_118_37,0.06650917724467233,0.043281677365590084,0.051630069864556774,0.04677891420339494
l_ij_124_103,0.009892492249885707,0.007165784408974213,0.007960603660819465,0.007232447057778924
l_ij_125_128,0.19690123998520467,0.14807966911243872,0.16330879464884168,0.14966941397371497
l_ij_126_16,0.00029442199869628654,0.0003005610557329457,0.00030829882680184745,0.00029723695757444263
l_ij_127_28,0.0004855585917388985,0.0003441002949623376,0.00038252838733213726,0.00034908590650446357
l_ij_128_69,0.19690128116501474,0.1480796960889059,0.16330882615137057,0.14966944169924387
v_j_1,1.0608999999897306,1.0608999999999735,1.060899999999962,1.0608999999999718
v_j_2,1.0608994911206717,1.060899566868724,1.0608995349707595,1.0608995534344339
v_j_3,1.0449342707424876,1.047193507924098,1.0459626496967978,1.0464415173097232
v_j_4,1.0448149321631095,1.0470726334556708,1.0458403929282232,1.0463214107858223
v_j_5,1.0440326402031501,1.0463482420106271,1.0450907923374204,1.0455969093596735
v_j_6,1.043760419890909,1.046072518219467,1.0448119154152304,1.0453229373079747
v_j_7,1.0433030335683,1.0456976320223283,1.0444107366766484,1.0449443100114175
v_j_8,1.0429625786043353,1.0453527953985988,1.0440619565591276,1.044601664217572
v_j_9,1.0334918309043666,1.037372424583357,1.035253407692485,1.0360725329767757
v_j_10,1.0258874652405297,1.0308466171609783,1.0281367335095482,1.029182139970826
v_j_11,1.0250323062443674,1.0301074535405819,1.027353810005264,1.0284341070363576
v_j_12,1.0248620373052748,1.029934993238066,1.0271793774756532,1.0282627424155604
v_j_13,1.0246918351187726,1.0297626005472327,1.0270050133309225,1.0280914449768928
v_j_14,1.02573427365824,1.0306914540010546,1.0279797959297523,1.0290279625997203
v_j_15,1.0149032326780343,1.0214404195659361,1.0178654746264313,1.0192369238018162
v_j_16,1.0250322900827376,1.0301074371709638,1.0273537934484447,1.0284340907707397
v_j_17,1.0141646001101665,1.0208712534548574,1.0172384569605832,1.0186457698358153
v_j_18,1.0136194778005743,1.0205873580585552,1.0168743249230192,1.0183252548995816
v_j_19,1.0139261923388447,1.020629777372451,1.0169942193982002,1.0184058279089516
v_j_20,1.0037008295734844,1.0121175452926758,1.0075135331882763,1.0092251415419107
v_j_21,1.0029218630632,1.0114686438782183,1.0068186909906434,1.0085657706361963
v_j_22,1.002351711328386,1.0110733241323426,1.006368771815326,1.0081540020133972
v_j_23,1.0028134583242878,1.0113210956466405,1.0066669525911127,1.0084034585440038
v_j_24,1.0020980719770467,1.0105965022679038,1.0059340728840294,1.007683468681015
v_j_25,1.002178968254474,1.01076376651563,1.0060690304569113,1.0078243917741154
v_j_26,1.0015933789099272,1.010260007802619,1.005528899078803,1.0072968522502073
v_j_27,1.001580586457405,1.0102329740479863,1.005504013694769,1.0072781986333186
v_j_28,1.0012768422287752,1.009974131237004,1.005221688761652,1.007004882338122
v_j_29,1.0011720437656788,1.0098881695239543,1.0051239767824218,1.006909119548894
v_j_30,1.0013099920653161,1.0099871189099328,1.0052456243292072,1.0070285085988557
v_j_31,1.0010571519160958,1.0097310247047389,1.0049866014736355,1.0067740414216488
v_j_32,1.0009095420953158,1.009581515143666,1.0048353821462988,1.0066254817307227
v_j_33,1.0009255740465608,1.0096788214238959,1.0049084004199667,1.0067077226979921
v_j_34,1.0006613262729394,1.0094918492347635,1.0046998107674194,1.006516966020578
v_j_35,1.0006395050801618,1.009430768197299,1.0046330131122587,1.0064295824598326
v_j_36,1.0143781887401315,1.0210160152817878,1.0174053999589572,1.0187998420669035
v_j_37,1.0000706604096048,1.0091787794539269,1.0041919063410671,1.006013435856263
v_j_38,0.9994906309875842,1.0086519182593752,1.0036359453301944,1.0054741994434788
v_j_39,0.9990819413718957,1.008237968803073,1.0032172620173396,1.0050628799074832
v_j_40,0.9991402275174868,1.0083800476860019,1.0033394208863349,1.0051951712023923
v_j_41,0.9989060086227267,1.008250792835594,1.0031806848483245,1.0050551987258267
v_j_42,0.9979867301294897,1.007502918289627,1.002284225224808,1.004165833494532
v_j_43,0.9977653835533405,1.0072787229801943,1.0020574660554196,1.003943062551741
v_j_44,0.9959555086257281,1.0058804442643103,1.0004305417738995,1.0023712790904695
v_j_45,0.9952742396043489,1.005190407301858,0.9997326136644811,1.0016856260985538
v_j_46,0.9944556491355057,1.0047095294724429,0.9990758702290375,1.0010616434498527
v_j_47,0.9941754714942584,1.0044921815039893,0.9988387833854535,1.0008385593806544
v_j_48,0.994018972102744,1.0043527233336003,0.9986913776536024,1.0006943443324705
v_j_49,0.9926901809461266,1.003333546953261,0.9974797736565495,0.9995174418178353
v_j_50,0.9921908479755595,1.003061338114637,0.9970869055616,0.9991441598525665
v_j_51,0.9920941581360969,1.002752544997944,0.9968838466790254,0.9989347003255787
v_j_52,0.9919338193944759,1.0026128343706036,0.9967342575630889,0.9987904465315148
v_j_53,0.9918788905818973,1.0025798902994492,0.9966926559677677,0.9987522809800652
v_j_54,1.006116245317419,1.0137701398258636,1.0095766571693703,1.0112021639132303
v_j_55,1.0018026140709928,1.0100164118300055,1.005514138157745,1.0072652028414544
v_j_56,0.9991750921298225,1.0077373575865363,1.0030437483109795,1.004871830050557
v_j_57,0.9990474766125813,1.007626131690025,1.0029256902467578,1.0047587686747865
v_j_58,0.9989777778850774,1.0075735679730797,1.0028669652129492,1.0047039967836677
v_j_59,0.9919411029586657,1.0014636959921899,0.9962406274204134,0.9982793476501853
v_j_60,0.9916407462874883,1.001173798339638,0.9959431010820815,0.9979882908343242
v_j_61,0.9915106423937735,1.0010563446199863,0.9958199907165433,0.9978685823736446
v_j_62,0.9767323601354102,0.988299315256715,0.9819545167624183,0.9844383971531617
v_j_63,0.9767323601354102,0.9882993152567122,0.981954516762415,0.9844383971531587
v_j_64,0.9746944729531792,0.9867096636380238,0.9802038791742925,0.9827804129735246
v_j_65,0.9734178527533993,0.9857485923191398,0.9791319867030026,0.9817706860993314
v_j_66,0.971163395344621,0.9841290780130975,0.9772942908989927,0.9800519380122026
v_j_67,0.9690971085383724,0.9828426402661696,0.9757505041836134,0.9786404798415828
v_j_68,0.9685834947261236,0.9823224162375451,0.9752243309602522,0.978123560921145
v_j_69,0.9711246786364897,0.9832867929781217,0.9766420434830799,0.9792894889019855
v_j_70,0.9702950024488339,0.98259155007282,0.9758982250951392,0.9785776837106153
v_j_71,0.9693406962793473,0.9818246243980989,0.9750666188733832,0.977786746742626
v_j_72,0.9687847282500479,0.9813034139573783,0.974525876590164,0.9772569591742547
v_j_73,0.9685015270486466,0.9810520500000854,0.9742601358550287,0.9769971132517916
v_j_74,0.9683816602839284,0.9807896833428117,0.9740155603547268,0.9767388033510441
v_j_75,0.9671481809654006,0.9797054523506384,0.9728744411890052,0.9756425398797524
v_j_76,0.9661946916317804,0.9787396915970182,0.9718976361573888,0.9746829148361296
v_j_77,0.9656497123132466,0.9781876983876384,0.9713393304462494,0.9741344285721714
v_j_78,0.9666541639496518,0.97921290441999,0.9723578486763397,0.9751279588228762
v_j_79,0.9655972922071647,0.9783765935108041,0.9714269743363035,0.9742369398073062
v_j_80,0.9653761183906695,0.9781900156346464,0.9712249933556761,0.974042405893303
v_j_81,0.9652814828814367,0.9780941621651896,0.9711280437220196,0.9739471614039572
v_j_82,0.9645276940952219,0.9775081761291686,0.9704724592191929,0.9733215745150666
v_j_83,0.9642891076936801,0.9773318066006516,0.9702709027228695,0.9731303405907812
v_j_84,0.9641081157444241,0.9771891772141065,0.9701134472848287,0.9729804923277772
v_j_85,0.9640554069680707,0.9771357900751209,0.9700594496194758,0.9729274443701065
v_j_86,0.9628671129665569,0.9763837547657135,0.9691758067349016,0.9721179885990214
v_j_87,0.9621899675734891,0.97604434172801,0.9687366830419987,0.9717312800746983
v_j_88,0.9647012532081781,0.9774299211765579,0.9704834394309698,0.9733074349717825
v_j_89,0.9635408798624419,0.9763799934001488,0.9693758525876066,0.972232776713888
v_j_90,0.963302238182011,0.976138280398217,0.969131375396326,0.9719925993727054
v_j_91,0.9630638376181532,0.9759733269568099,0.9689366156226376,0.9718094508462297
v_j_92,0.9626669433331642,0.9757081842988036,0.9686318616435754,0.9715302333606564
v_j_93,0.9627892562548015,0.9757209835498731,0.9686704724912323,0.9715503639202905
v_j_94,0.9624828980208819,0.9754465461492824,0.9683814087609439,0.9712676460014217
v_j_95,0.9625908734276529,0.9755352508035374,0.9684776383517676,0.9713632356680545
v_j_96,0.9622163011378262,0.9751558577635172,0.9680939066365752,0.9709862530031297
v_j_97,0.9624522502682971,0.9754151818916453,0.9683495470192003,0.9712404956475927
v_j_98,0.9623161198811803,0.9752772995046919,0.9682100878323957,0.9711034892605562
v_j_99,0.9699356910106337,0.9822504559370432,0.9755324056168149,0.9782174624490042
v_j_100,0.9695851207400192,0.9819532399592431,0.9752096649692857,0.977905839310512
v_j_101,0.9691152331076809,0.981593181737499,0.9748012697509597,0.97751555333885
v_j_102,0.9689888130330707,0.9814651346348979,0.9746717583231697,0.9773883197502425
v_j_103,0.9690657177011239,0.9814845611538734,0.9747164108957066,0.9774289495474064
v_j_104,0.9682097690196325,0.9807531243882085,0.9739402179651315,0.9766866602377376
v_j_105,0.967194323974196,0.9799204587888637,0.9730454502740526,0.975836899675112
v_j_106,0.9659604009239673,0.9790925302711065,0.9720947870807474,0.9749660046158946
v_j_107,0.9684243595298575,0.9809173020799521,0.9741116451154431,0.976843887117344
v_j_108,0.9678870146475906,0.9804015151200239,0.973580697260358,0.9763232584916441
v_j_109,0.9671035732492281,0.9796079908207789,0.9727780983503206,0.975534775642839
v_j_110,0.9679145897748436,0.9804819322640203,0.9736436926208524,0.9763947750517326
v_j_111,0.9655750280613181,0.9785309777256892,0.9715593953483783,0.974412231930658
v_j_112,0.9645446761123452,0.9775846963752857,0.9705768832392159,0.9734634149744614
v_j_113,0.9641528971581312,0.9771878752208858,0.9701755241046508,0.9730691149201529
v_j_114,0.9642002721511608,0.9772764563010673,0.9702545295715961,0.9731535786380919
v_j_115,0.9631121854648887,0.9763447665517215,0.9692677207038862,0.9722128662664542
v_j_116,0.9628815853058835,0.9762166327550759,0.9691106117211297,0.9720763038234825
v_j_117,1.0149029519309154,1.0214401768491521,1.017865215886176,1.0192366748644912
v_j_118,1.003700707835069,1.0121174467022716,1.0075134242067427,1.0092250371659721
v_j_119,1.0009095420953158,1.0095815151436662,1.0048353821462988,1.006625481730723
v_j_120,0.9918788905818973,1.002579890299449,0.9966926559677671,0.998752280980065
v_j_121,0.9679145897748436,0.9804819322640178,0.9736436926208497,0.9763947750517302
v_j_122,0.9767323601354103,0.988299315256711,0.9819545167624136,0.9844383971531576
v_j_123,0.9689888130330707,0.9814651346348958,0.9746717583231672,0.9773883197502404
v_j_124,0.9699356459405479,0.9822504168620769,0.9755323643225223,0.9782174228312743
v_j_125,0.9767321558622618,0.9882991352129421,0.9819543273418246,0.9844382147907615
v_j_126,1.0250322981635525,1.0301074453557737,1.027353801726855,1.0284340989035496
v_j_127,1.0015805760723095,1.0102329652414481,1.005504004310359,1.0072781896238603
v_j_128,0.9767319515891133,0.9882989551691702,0.9819541379212323,0.9844380324283625
q_D_j_3,-0.00022780650120639203,0.0008385273499044756,2.1343767159284522e-5,1.5997211096302056e-5
q_D_j_9,-1.9576298612502405e-5,0.00037904735499375117,1.676848630620779e-5,7.93858913385281e-6
q_D_j_18,-0.0002726183782854258,0.001029341930707496,7.511350984768483e-5,5.9260051326359055e-5
q_D_j_26,-0.00031449970311396585,0.0011045259572587637,7.541361311859794e-5,5.666312953801109e-5
q_D_j_35,-0.0003207134539425748,0.0011155814177986284,7.496517801210608e-5,5.578452059577564e-5
q_D_j_41,-3.588787079871989e-5,0.0004721308743206677,3.384575329520305e-5,1.4495750527396902e-5
q_D_j_48,-3.7261923782118415e-5,0.0004734574042027492,3.333662547043983e-5,1.4820041705456341e-5
q_D_j_53,-3.7922145548321205e-5,0.00047438240253085384,3.328289823695106e-5,1.4928659957859302e-5
q_D_j_61,-2.538286187838863e-5,0.00041551764828431394,1.888279363842075e-5,3.399551985175073e-5
q_D_j_67,0.004968572262160169,0.00845728299022485,0.0025678937023647943,0.00223572756960381
q_D_j_73,7.495050980660513e-5,0.0011212209586530788,0.00024887941227208835,0.00021378117915948935
q_D_j_79,0.0001171978481371289,0.0011187253578062144,0.000263117946783373,0.00022662687317343968
q_D_j_87,0.0001540105243839642,0.0011199071492717539,0.000275231675153051,0.0002374997293751955
q_D_j_94,0.00017441797442080737,0.0011145811168070416,0.0002822364801614084,0.00024390567432042333
q_D_j_101,8.476472142651044e-5,0.001122485462840846,0.00025225606855244293,0.00021679886490549174
q_D_j_108,0.00010493456238738587,0.0011243862609318482,0.0002591131027780769,0.00022293522849207913
q_D_j_116,-7.041277201160043e-6,0.00035669997814283445,6.702429866754708e-6,6.0613617419602556e-5
q_B_j_3,6.293071166776963e-5,0.0007426878655991841,3.450841172511563e-5,2.514770730630734e-5
q_B_j_7,1.8966134900678093e-5,0.00022124965386474563,5.443543982777609e-6,3.441154421596042e-6
q_B_j_11,0.00011356275944301892,0.0007560077468919383,8.404304776071506e-5,6.274075128019975e-5
q_B_j_18,0.0001604373377666078,0.0007859993085976138,0.00012165985141988907,9.316476044685359e-5
q_B_j_22,0.0001666379613323225,0.0007623194926773137,0.0001229495551399282,9.097592213513252e-5
q_B_j_30,0.00016582296830608826,0.0007505879886303014,0.00012140348388647912,8.840659157386084e-5
q_B_j_34,4.5501612611744966e-5,0.00021390326037501114,2.955788344344189e-5,2.1944603069558035e-5
q_B_j_37,0.00016979792654591564,0.0007614295756886138,0.00012447849067879143,9.18344489648389e-5
q_B_j_41,4.8505642575885477e-5,0.00021779349257447964,3.0402051353457664e-5,2.2786318714545493e-5
q_B_j_47,4.978944329137927e-5,0.00021821474649120538,3.105820717505005e-5,2.3278043140589435e-5
q_B_j_50,-0.003503602740472303,0.01935308482082192,0.003373410914981804,0.0025541026338107326
q_B_j_53,5.0160267043284784e-5,0.00021793078885759513,3.134809752659912e-5,2.346685415189058e-5
q_B_j_58,9.539254780262604e-5,0.00027130846519103397,5.3663482395704116e-5,4.3693582454030865e-5
q_B_j_62,0.0001435120809208025,0.0003292713727580285,8.879993915501718e-5,7.373531577768041e-5
q_B_j_67,0.0004552548499837316,0.011000230866879965,0.0041919004037141916,0.0035488359784155874
q_B_j_71,0.00011152179949474481,0.001119692897515448,0.0004011059525810693,0.00033313479479239803
q_B_j_75,8.918090910573005e-5,0.001135803165734247,0.00041406426409318966,0.00034437481513746853
q_B_j_79,6.860113657641244e-5,0.0011527974065375529,0.0004283242832500373,0.0003567114898049163
q_B_j_84,5.641620295106289e-5,0.0011666009846724604,0.00043994229412430447,0.0003667534424221347
q_B_j_87,5.295330061608848e-5,0.0011764407924507816,0.0004481864205469792,0.0003738719393950629
q_B_j_92,5.0021885665289006e-5,0.001187027654493406,0.00045606166458384353,0.0003807777522526311
q_B_j_97,0.00015256295668349975,0.00037915222008773797,0.00011585171867360477,9.685473217736732e-5
q_B_j_101,9.59786583864422e-5,0.0011303641905593418,0.0004104755528330576,0.00034120544718646984
q_B_j_106,7.38815395827926e-5,0.001144278376044154,0.0004222511815111944,0.00035135512991380993
q_B_j_111,5.7270502759825185e-5,0.0011633564504703311,0.0004387369489293298,0.00036560529396643997
q_B_j_116,0.00014556491034522506,0.0003722289656251208,0.00011415518422113254,9.531320679414008e-5
P_c_j_3,0.0046654746673487025,4.7565293137466215e-9,8.659536286314781e-8,1.158401789514041e-8
P_c_j_7,0.0023334758390880657,4.758541842315502e-9,8.693493101033332e-8,1.152016369504691e-8
P_c_j_11,0.004665474664493949,4.756566160138125e-9,8.661112004012717e-8,1.1584054406603545e-8
P_c_j_18,0.004665474662415246,4.756591613923253e-9,8.662475748425092e-8,1.1584089123543367e-8
P_c_j_22,0.004665474662465324,4.756591867001927e-9,8.662595184838265e-8,1.1584089166512342e-8
P_c_j_30,0.004665474662602376,4.756589274154719e-9,8.662556094880196e-8,1.1584087090817818e-8
P_c_j_34,0.0023334758473293198,4.761556526549168e-9,8.694726314374191e-8,1.152025731995978e-8
P_c_j_37,0.004665474662398249,4.756592138224153e-9,8.662663554668936e-8,1.158409081599577e-8
P_c_j_41,0.002333475847846398,4.761464695632969e-9,8.694710978509119e-8,1.152026113866478e-8
P_c_j_47,0.002333475848028154,4.761585769269688e-9,8.694719690267906e-8,1.1520263664706817e-8
P_c_j_50,0.024499973915789782,4.777858567652503e-9,9.01492106095772e-8,1.1636190635101294e-8
P_c_j_53,0.002333475848039041,4.761660628808551e-9,8.694726761832622e-8,1.1520264383076306e-8
P_c_j_58,0.0023334758524356652,4.763184182257198e-9,8.695478936067508e-8,1.1520352539087495e-8
P_c_j_62,0.0023334758372931448,4.7670653833009935e-9,8.696590710163196e-8,1.152048261280122e-8
P_c_j_67,0.016334474005832156,4.775210989755096e-9,8.948396951811981e-8,1.1630274702164631e-8
P_c_j_71,0.0046654747264333295,4.756755530360871e-9,8.672786634902673e-8,1.1584355617275919e-8
P_c_j_75,0.004665474731729891,4.7567598364155416e-9,8.673158219148234e-8,1.1584364638069552e-8
P_c_j_79,0.00466547473719161,4.75676464149332e-9,8.673549440542359e-8,1.1584373933901241e-8
P_c_j_84,0.004665474741324584,4.75676993047091e-9,8.673977828032728e-8,1.1584384492272384e-8
P_c_j_87,0.0046654747440157815,4.75677803364887e-9,8.674617999609705e-8,1.1584401228255294e-8
P_c_j_92,0.004665474746151754,4.756776990815469e-9,8.674615573732755e-8,1.1584400427848493e-8
P_c_j_97,0.0023334758168650793,4.771398993900623e-9,8.697050800091345e-8,1.1520581929548385e-8
P_c_j_101,0.004665474730029274,4.756756857563402e-9,8.672894632634414e-8,1.158435764550817e-8
P_c_j_106,0.004665474735420196,4.756767064236407e-9,8.673650863209392e-8,1.158437723875725e-8
P_c_j_111,0.004665474741217202,4.756776941300887e-9,8.674406985041561e-8,1.1584396394038523e-8
P_c_j_116,0.002333475816800999,4.771700698866908e-9,8.697307005637164e-8,1.1520604479675189e-8
P_d_j_3,2.12785247164295e-9,0.0010963973759852707,1.528396889074944e-8,0.0010963441189756852
P_d_j_7,2.0080832453832053e-9,0.0005483154973961117,1.5377692663261382e-8,0.000548256215856437
P_d_j_11,2.1280933320398245e-9,0.001096397376316098,1.5282916081065346e-8,0.0010963441546201376
P_d_j_18,2.128260267117896e-9,0.001096397376540066,1.528200524641812e-8,0.0010963441603532903
P_d_j_22,2.128248330238377e-9,0.0010963973765729614,1.5281928030816932e-8,0.0010963441693863313
P_d_j_30,2.1282333686390113e-9,0.0010963973765603231,1.5281954836998845e-8,0.0010963441718945999
P_d_j_34,2.007343522568506e-9,0.0005483155019709487,1.5376115535126258e-8,0.000548256304089579
P_d_j_37,2.128253169167298e-9,0.0010963973765669563,1.528188289574646e-8,0.001096344166315973
P_d_j_41,2.0073926217602653e-9,0.0005483155018366272,1.5376066355133485e-8,0.0005482562965037978
P_d_j_47,2.0073744938099705e-9,0.0005483155019805361,1.5376024589792693e-8,0.0005482562957688932
P_d_j_50,2.2140739030772752e-9,0.005757504983767434,1.493580564759817e-8,0.005757451904962086
P_d_j_53,2.0073579046214177e-9,0.0005483155020689558,1.5376010175561026e-8,0.0005482562959515742
P_d_j_58,2.0072021710875173e-9,0.0005483155038111709,1.537468143761507e-8,0.0005482562330255345
P_d_j_62,2.0039975158937925e-9,0.0005483155086838016,1.5372672925884266e-8,0.000548256173687875
P_d_j_67,2.203796479644727e-9,0.0038386124801300554,1.4991918462594206e-8,0.003838561443365086
P_d_j_71,2.121484884531789e-9,0.0010963973779142054,1.5275129420678147e-8,0.0010963440903969035
P_d_j_75,2.120866106842102e-9,0.0010963973779461267,1.5274882782372813e-8,0.0010963440834168836
P_d_j_79,2.1202300284969766e-9,0.001096397377982632,1.527462294285973e-8,0.0010963440770652938
P_d_j_84,2.1197514240578254e-9,0.0010963973780333041,1.5274338419790445e-8,0.0010963440719995137
P_d_j_87,2.119442148206317e-9,0.0010963973781320149,1.5273912777853232e-8,0.001096344069437774
P_d_j_92,2.119199153905914e-9,0.0010963973781084194,1.5273915536354832e-8,0.0010963440633163788
P_d_j_97,1.99957778470762e-9,0.0005483155138362881,1.5371195446574198e-8,0.0005482560775322463
P_d_j_101,2.1210649533364194e-9,0.0010963973779072737,1.5275057748016097e-8,0.0010963440856242828
P_d_j_106,2.1204343011498402e-9,0.001096397378026749,1.527455494677426e-8,0.001096344082414662
P_d_j_111,2.1197624222767933e-9,0.0010963973781273463,1.5274052211901053e-8,0.001096344076648634
P_d_j_116,1.9991765731517194e-9,0.0005483155143833723,1.5370869671854027e-8,0.0005482560944107224
B_j_3,0.016095948694136563,0.005598594972630464,0.0055986609664538,0.005598592403378727
B_j_7,0.008050424933361824,0.00280013497462832,0.0028002011935771543,0.0028001324046905943
B_j_11,0.016095948691171008,0.005598594972685854,0.005598660982539065,0.005598592403383719
B_j_18,0.01609594868902052,0.005598594972733829,0.005598660996465662,0.005598592403388466
B_j_22,0.016095948689080656,0.005598594972737554,0.005598660997681024,0.005598592403388472
B_j_30,0.016095948689226605,0.005598594972736063,0.005598660997280822,0.005598592403388189
B_j_34,0.008050424941969671,0.002800134974201349,0.0028002012076110265,0.0028001324047034234
B_j_37,0.016095948689011843,0.005598594972739938,0.005598660998379148,0.005598592403388698
B_j_41,0.008050424942409212,0.0028001349742259704,0.0028002012074268222,0.002800132404703946
B_j_47,0.008050424942600963,0.002800134974209183,0.0028002012075576174,0.0028001324047042925
B_j_50,0.08452497288939619,0.029399994978401102,0.02940006470501454,0.029399992402312468
B_j_53,0.008050424942628767,0.002800134974197169,0.002800201207655826,0.0028001324047043914
B_j_58,0.008050424946969491,0.0028001349740936973,0.002800201215407209,0.002800132404716465
B_j_62,0.008050424935957418,0.002800134973653602,0.0028002012275687715,0.0028001324047342846
B_j_67,0.05635399798575477,0.019601394977346646,0.01960146401446266,0.019601392402469515
B_j_71,0.01609594875696968,0.005598594973092004,0.005598661101836598,0.005598592403424914
B_j_75,0.01609594876265276,0.005598594973104644,0.005598661105636849,0.005598592403426147
B_j_79,0.016095948768510948,0.0055985949731179215,0.005598661109638137,0.0055985924034274185
B_j_84,0.016095948772941068,0.005598594973132486,0.005598661114018304,0.005598592403428863
B_j_87,0.01609594877582326,0.005598594973154356,0.005598661120560813,0.005598592403431152
B_j_92,0.016095948778108216,0.0055985949731541486,0.005598661120539087,0.005598592403431042
B_j_97,0.008050424921203104,0.002800134973118015,0.0028002012330568195,0.00280013240474789
B_j_101,0.01609594876082786,0.005598594973095675,0.005598661102943033,0.005598592403425191
B_j_106,0.01609594876661308,0.005598594973121546,0.005598661110671759,0.00559859240342787
B_j_111,0.016095948772827478,0.005598594973147398,0.00559866111840153,0.00559859240343049
B_j_116,0.008050424921564556,0.0028001349730962066,0.002800201235932525,0.0028001324047509796
