
******************************************************************************
This program contains Ipopt, a library for large-scale nonlinear optimization.
 Ipopt is released as open source code under the Eclipse Public License (EPL).
         For more information visit https://github.com/coin-or/Ipopt
******************************************************************************

This is Ipopt version 3.14.19, running with linear solver ma57.

Number of nonzeros in equality constraint Jacobian...:   710730
Number of nonzeros in inequality constraint Jacobian.:   247680
Number of nonzeros in Lagrangian Hessian.............:   186780

Reallocating memory for MA57: lfact (8437257)
Total number of variables............................:   266070
                     variables with only lower bounds:    61926
                variables with lower and upper bounds:    80298
                     variables with only upper bounds:        0
Total number of equality constraints.................:   191898
Total number of inequality constraints...............:    61920
        inequality constraints with only lower bounds:        0
   inequality constraints with lower and upper bounds:        0
        inequality constraints with only upper bounds:    61920

iter    objective    inf_pr   inf_du lg(mu)  ||d||  lg(rg) alpha_du alpha_pr  ls
   0  1.2375691e+05 6.40e-01 1.55e+02  -1.0 0.00e+00    -  0.00e+00 0.00e+00   0
   1  1.2839119e+05 6.40e-01 1.62e+02  -1.0 2.71e+02    -  3.65e-05 6.10e-04h  1
   2  1.3348721e+05 6.39e-01 1.67e+02  -1.0 9.84e+02    -  1.46e-04 1.67e-03f  1
   3  1.7510551e+05 6.29e-01 1.65e+02  -1.0 1.00e+03    -  1.25e-03 1.50e-02f  3
   4  1.9076898e+05 6.25e-01 1.64e+02  -1.0 8.94e+02    -  6.25e-03 5.71e-03h  1
   5  2.3053446e+05 6.16e-01 1.62e+02  -1.0 9.12e+02    -  6.44e-03 1.45e-02h  2
   6  2.7401058e+05 6.06e-01 1.59e+02  -1.0 9.20e+02    -  1.44e-02 1.61e-02h  2
   7  4.7064259e+05 5.61e-01 1.47e+02  -1.0 8.89e+02    -  1.37e-02 7.41e-02H  1
   8  5.3018023e+05 5.48e-01 1.44e+02  -1.0 8.25e+02    -  7.69e-02 2.43e-02h  5
   9  5.7238098e+05 5.38e-01 1.41e+02  -1.0 8.04e+02    -  5.40e-02 1.77e-02h  6
iter    objective    inf_pr   inf_du lg(mu)  ||d||  lg(rg) alpha_du alpha_pr  ls
  10  6.0692878e+05 5.30e-01 1.39e+02  -1.0 7.89e+02    -  1.54e-01 1.48e-02h  5
  11  6.3328421e+05 5.24e-01 1.38e+02  -1.0 7.75e+02    -  1.06e-01 1.15e-02h  6
  12  6.5755912e+05 5.19e-01 1.36e+02  -1.0 7.66e+02    -  2.08e-01 1.07e-02h  6
  13  6.9001640e+05 5.11e-01 1.34e+02  -1.0 7.58e+02    -  2.11e-01 1.44e-02h  6
  14  7.2547543e+05 5.03e-01 1.32e+02  -1.0 7.48e+02    -  2.48e-01 1.60e-02h  6
  15  7.6547399e+05 4.94e-01 1.43e+02  -1.0 7.37e+02    -  3.91e-01 1.84e-02h  6
  16  8.1176770e+05 4.83e-01 1.41e+02  -1.0 7.25e+02    -  7.90e-02 2.16e-02h  6
  17  8.5591219e+05 4.73e-01 1.39e+02  -1.0 7.12e+02    -  7.05e-02 2.11e-02h  6
  18  2.2350201e+06 2.50e+01 2.20e+03  -1.0 6.99e+02    -  1.18e-02 6.73e-01w  1
  19  2.3205225e+06 2.14e+01 1.92e+03  -1.0 4.29e+02    -  1.20e-01 1.43e-01w  1
iter    objective    inf_pr   inf_du lg(mu)  ||d||  lg(rg) alpha_du alpha_pr  ls
  20  2.3621227e+06 1.95e+01 1.77e+03  -1.0 1.24e+04    -  1.05e-02 8.60e-02w  1
  21  8.9892057e+05 4.63e-01 1.36e+02  -1.0 6.59e+04    -  1.18e-02 2.10e-02h  5
  22  9.4038299e+05 4.53e-01 1.33e+02  -1.0 6.86e+02    -  1.53e-02 2.07e-02h  6
  23  9.8043805e+05 4.44e-01 1.31e+02  -1.0 3.16e+03    -  2.03e-03 2.05e-02h  6
  24  9.9062963e+05 4.42e-01 1.30e+02  -1.0 2.54e+05    -  2.75e-04 5.27e-03h  1
  25  9.9142932e+05 4.41e-01 1.30e+02  -1.0 3.45e+05    -  3.36e-03 4.14e-04h  1
  26  9.9694973e+05 4.40e-01 1.30e+02  -1.0 5.15e+05    -  8.20e-04 2.84e-03h  1
  27  1.0028451e+06 4.39e-01 1.29e+02  -1.0 7.05e+05    -  1.05e-03 3.02e-03h  1
  28  1.0100213e+06 4.37e-01 1.29e+02  -1.0 8.35e+05    -  1.86e-03 3.67e-03h  1
  29  1.0136868e+06 4.36e-01 1.29e+02  -1.0 5.34e+05    -  3.85e-03 1.90e-03h  1
iter    objective    inf_pr   inf_du lg(mu)  ||d||  lg(rg) alpha_du alpha_pr  ls
  30  1.0193145e+06 4.35e-01 1.28e+02  -1.0 3.94e+05    -  2.21e-04 2.89e-03h  1
  31  1.0224811e+06 4.34e-01 1.28e+02  -1.0 5.18e+05    -  1.21e-03 1.61e-03h  1
  32  1.0236797e+06 4.34e-01 1.28e+02  -1.0 5.68e+05    -  1.07e-03 6.04e-04h  1
  33  1.0270078e+06 4.33e-01 1.28e+02  -1.0 7.48e+05    -  8.68e-04 1.65e-03h  1
  34  1.0282248e+06 4.33e-01 1.28e+02  -1.0 9.26e+05    -  1.04e-03 5.94e-04h  1
  35  1.0318329e+06 4.32e-01 1.28e+02  -1.0 9.11e+05    -  1.06e-03 1.75e-03h  1
  36  1.0361568e+06 4.32e-01 1.27e+02  -1.0 8.43e+05    -  1.46e-03 2.10e-03h  1
  37  1.0411839e+06 4.30e-01 1.27e+02  -1.0 7.33e+05    -  1.54e-03 2.44e-03h  1
  38  1.0467103e+06 4.29e-01 1.27e+02  -1.0 6.77e+05    -  2.15e-03 2.70e-03h  1
  39  1.0545535e+06 4.28e-01 1.26e+02  -1.0 6.17e+05    -  2.80e-03 3.86e-03h  1
iter    objective    inf_pr   inf_du lg(mu)  ||d||  lg(rg) alpha_du alpha_pr  ls
  40  1.0595799e+06 4.27e-01 1.26e+02  -1.0 5.57e+05    -  4.30e-04 2.49e-03h  1
  41  1.0630817e+06 4.26e-01 1.26e+02  -1.0 5.25e+05    -  2.57e-03 1.75e-03h  1
  42  1.0650449e+06 4.25e-01 1.26e+02  -1.0 1.14e+06    -  2.35e-04 9.61e-04h  1
  43  1.0664078e+06 4.25e-01 1.26e+02  -1.0 8.31e+05    -  1.14e-03 6.71e-04h  1
  44  1.0704646e+06 4.24e-01 1.26e+02  -1.0 6.67e+05    -  9.10e-04 1.98e-03h  1
  45  1.0752623e+06 4.23e-01 1.25e+02  -1.0 5.29e+05    -  1.28e-03 2.36e-03h  1
  46  1.0800469e+06 4.22e-01 1.25e+02  -1.0 5.28e+05    -  1.07e-03 2.30e-03h  1
  47  1.0834399e+06 4.22e-01 1.25e+02  -1.0 6.08e+05    -  1.23e-03 1.57e-03h  1
  48  1.0856460e+06 4.21e-01 1.25e+02  -1.0 7.17e+05    -  1.45e-03 9.79e-04h  1
  49  1.0870090e+06 4.21e-01 1.25e+02  -1.0 2.80e+06    -  1.09e-04 5.50e-04h  1
iter    objective    inf_pr   inf_du lg(mu)  ||d||  lg(rg) alpha_du alpha_pr  ls
  50  1.0878481e+06 4.21e-01 1.25e+02  -1.0 1.33e+06    -  1.05e-03 3.50e-04h  1
  51  1.0908846e+06 4.20e-01 1.25e+02  -1.0 1.04e+06    -  1.07e-03 1.27e-03h  1
  52  1.0957566e+06 4.19e-01 1.24e+02  -1.0 9.40e+05    -  1.17e-03 2.05e-03h  1
  53  1.0979895e+06 4.19e-01 1.24e+02  -1.0 9.78e+05    -  8.55e-04 9.39e-04h  1
  54  1.1008260e+06 4.19e-01 1.24e+02  -1.0 9.01e+05    -  2.54e-03 1.20e-03h  1
  55  1.1048568e+06 4.18e-01 1.24e+02  -1.0 6.87e+05    -  1.31e-03 1.74e-03h  2
  56  1.1109938e+06 4.17e-01 1.24e+02  -1.0 6.28e+05    -  5.63e-04 2.66e-03h  1
  57  1.1131034e+06 4.16e-01 1.23e+02  -1.0 5.68e+05    -  2.22e-03 9.27e-04h  1
  58  1.1173062e+06 4.16e-01 1.23e+02  -1.0 7.17e+05    -  5.31e-04 1.81e-03h  1
  59  1.1185321e+06 4.15e-01 1.23e+02  -1.0 8.84e+05    -  1.10e-03 5.22e-04h  1
iter    objective    inf_pr   inf_du lg(mu)  ||d||  lg(rg) alpha_du alpha_pr  ls
  60  1.1217765e+06 4.15e-01 1.23e+02  -1.0 8.58e+05    -  8.40e-04 1.36e-03h  2
  61  1.1259477e+06 4.14e-01 1.23e+02  -1.0 7.73e+05    -  6.86e-04 1.69e-03h  1
  62  1.1272266e+06 4.14e-01 1.23e+02  -1.0 1.99e+06    -  4.26e-04 4.80e-04h  1
  63  1.1286329e+06 4.14e-01 1.23e+02  -1.0 1.27e+06    -  1.03e-03 5.31e-04h  1
  64  1.1313297e+06 4.13e-01 1.23e+02  -1.0 1.27e+06    -  5.87e-04 9.84e-04h  1
  65  1.1345378e+06 4.13e-01 1.23e+02  -1.0 1.81e+06    -  2.72e-04 1.13e-03h  1
  66  1.1355028e+06 4.13e-01 1.22e+02  -1.0 1.02e+06    -  1.11e-03 3.43e-04h  1
  67  1.1382070e+06 4.12e-01 1.22e+02  -1.0 2.06e+06    -  2.14e-04 9.20e-04h  1
  68  1.1414101e+06 4.12e-01 1.22e+02  -1.0 1.01e+06    -  1.27e-03 1.12e-03h  1
  69  1.1449687e+06 4.11e-01 1.22e+02  -1.0 1.00e+06    -  1.31e-03 1.23e-03h  1
iter    objective    inf_pr   inf_du lg(mu)  ||d||  lg(rg) alpha_du alpha_pr  ls
  70  1.1473457e+06 4.11e-01 1.22e+02  -1.0 1.06e+06    -  4.21e-04 7.94e-04h  2
  71  1.1498363e+06 4.11e-01 1.22e+02  -1.0 1.06e+06    -  5.75e-04 8.18e-04h  2
  72  1.1520947e+06 4.10e-01 1.22e+02  -1.0 1.72e+06    -  4.75e-04 7.25e-04h  1
  73  1.1542709e+06 4.10e-01 1.22e+02  -1.0 9.56e+05    -  1.24e-03 7.09e-04h  2
  74  1.1559353e+06 4.10e-01 1.22e+02  -1.0 1.77e+06    -  2.20e-04 5.28e-04h  2
  75  1.1578471e+06 4.10e-01 1.22e+02  -1.0 3.06e+06    -  3.99e-04 5.91e-04h  1
  76  1.1598807e+06 4.09e-01 1.21e+02  -1.0 9.85e+05    -  1.37e-03 6.55e-04h  1
  77  1.1624372e+06 4.09e-01 1.21e+02  -1.0 8.98e+05    -  9.25e-04 8.21e-04h  2
  78  1.1653046e+06 4.09e-01 1.21e+02  -1.0 8.78e+05    -  1.08e-03 9.21e-04h  2
  79  1.1681538e+06 4.08e-01 1.21e+02  -1.0 7.90e+05    -  7.69e-04 9.09e-04h  2
iter    objective    inf_pr   inf_du lg(mu)  ||d||  lg(rg) alpha_du alpha_pr  ls
  80  1.1704600e+06 4.08e-01 1.21e+02  -1.0 7.36e+05    -  1.11e-03 7.41e-04h  2
  81  1.1734504e+06 4.08e-01 1.21e+02  -1.0 7.40e+05    -  6.21e-04 9.60e-04h  2
  82  1.1760810e+06 4.07e-01 1.21e+02  -1.0 8.12e+05    -  7.61e-04 8.44e-04h  2
  83  1.1783660e+06 4.07e-01 1.21e+02  -1.0 1.20e+06    -  7.39e-04 7.28e-04h  2
  84  1.1819488e+06 4.06e-01 1.21e+02  -1.0 1.01e+06    -  1.19e-03 1.14e-03h  2
  85  1.1841710e+06 4.06e-01 1.21e+02  -1.0 8.09e+05    -  8.37e-04 7.03e-04h  3
  86  1.1864151e+06 4.06e-01 1.20e+02  -1.0 7.43e+05    -  9.47e-04 7.01e-04h  3
  87  1.1937405e+06 4.05e-01 1.21e+02  -1.0 9.36e+05    -  5.77e-04 2.22e-03w  1
  88  1.1971099e+06 4.05e-01 1.21e+02  -1.0 1.25e+06    -  6.25e-04 9.89e-04w  1
  89  1.2004384e+06 4.04e-01 1.21e+02  -1.0 1.20e+06    -  1.49e-03 9.72e-04w  1
iter    objective    inf_pr   inf_du lg(mu)  ||d||  lg(rg) alpha_du alpha_pr  ls
  90  1.1882464e+06 4.06e-01 1.20e+02  -1.0 7.36e+05    -  5.77e-04 5.55e-04h  2
  91  1.1912654e+06 4.05e-01 1.20e+02  -1.0 1.27e+06    -  4.41e-04 8.86e-04h  2
  92  1.1929872e+06 4.05e-01 1.20e+02  -1.0 1.94e+06    -  4.92e-04 4.91e-04h  2
  93  1.1954263e+06 4.05e-01 1.20e+02  -1.0 1.06e+06    -  1.14e-03 7.02e-04h  2
  94  1.1986973e+06 4.04e-01 1.20e+02  -1.0 8.22e+05    -  8.97e-04 9.21e-04h  2
  95  1.2004837e+06 4.04e-01 1.20e+02  -1.0 8.48e+05    -  7.28e-04 4.94e-04h  3
  96  1.2024639e+06 4.04e-01 1.20e+02  -1.0 9.63e+05    -  8.55e-04 5.40e-04h  3
  97  1.2046150e+06 4.04e-01 1.20e+02  -1.0 8.72e+05    -  8.32e-04 5.77e-04h  3
  98  1.2064284e+06 4.04e-01 1.20e+02  -1.0 1.18e+06    -  4.73e-04 4.77e-04h  3
  99  1.2080698e+06 4.03e-01 1.20e+02  -1.0 1.07e+06    -  9.65e-04 4.30e-04h  3
iter    objective    inf_pr   inf_du lg(mu)  ||d||  lg(rg) alpha_du alpha_pr  ls
 100  1.2151595e+06 4.03e-01 1.20e+02  -1.0 9.42e+05    -  6.72e-04 1.85e-03w  1
 101  1.2206038e+06 4.02e-01 1.20e+02  -1.0 7.26e+05    -  1.26e-03 1.44e-03w  1
 102  1.2259175e+06 4.02e-01 1.19e+02  -1.0 7.11e+05    -  8.79e-04 1.41e-03w  1
 103  1.2098422e+06 4.03e-01 1.20e+02  -1.0 8.04e+05    -  6.72e-04 4.63e-04h  2
 104  1.2117851e+06 4.03e-01 1.20e+02  -1.0 8.50e+05    -  8.81e-04 5.08e-04h  3
 105  1.2141689e+06 4.03e-01 1.20e+02  -1.0 7.99e+05    -  5.53e-04 6.20e-04h  3
 106  1.2166131e+06 4.03e-01 1.20e+02  -1.0 7.77e+05    -  6.53e-04 6.34e-04h  3
 107  1.2188778e+06 4.02e-01 1.19e+02  -1.0 8.34e+05    -  6.24e-04 5.86e-04h  3
 108  1.2210625e+06 4.02e-01 1.19e+02  -1.0 1.01e+06    -  7.89e-04 5.65e-04h  3
 109  1.2234300e+06 4.02e-01 1.19e+02  -1.0 8.75e+05    -  9.57e-04 6.15e-04h  3
iter    objective    inf_pr   inf_du lg(mu)  ||d||  lg(rg) alpha_du alpha_pr  ls
 110  1.2261878e+06 4.02e-01 1.19e+02  -1.0 7.56e+05    -  5.67e-04 7.17e-04h  3
 111  1.2285496e+06 4.01e-01 1.19e+02  -1.0 6.90e+05    -  9.22e-04 6.15e-04h  3
 112  1.2308436e+06 4.01e-01 1.19e+02  -1.0 7.56e+05    -  7.43e-04 5.94e-04h  3
 113  1.2387767e+06 4.00e-01 1.19e+02  -1.0 1.33e+06    -  4.60e-04 2.02e-03w  1
 114  1.2419761e+06 4.00e-01 1.19e+02  -1.0 8.44e+05    -  9.11e-04 8.18e-04w  1
 115  1.2470032e+06 3.99e-01 1.18e+02  -1.0 1.53e+06    -  5.31e-04 1.27e-03w  1
 116  1.2328269e+06 4.01e-01 1.19e+02  -1.0 7.38e+05    -  4.60e-04 5.05e-04h  2
 117  1.2346132e+06 4.01e-01 1.19e+02  -1.0 1.29e+06    -  6.16e-04 4.51e-04h  3
 118  1.2364688e+06 4.00e-01 1.19e+02  -1.0 1.50e+06    -  2.53e-04 4.58e-04h  2
 119  1.2379861e+06 4.00e-01 1.19e+02  -1.0 1.70e+06    -  8.34e-04 3.74e-04h  2
iter    objective    inf_pr   inf_du lg(mu)  ||d||  lg(rg) alpha_du alpha_pr  ls
 120  1.2397695e+06 4.00e-01 1.19e+02  -1.0 1.05e+06    -  7.67e-04 4.43e-04h  3
 121  1.2422154e+06 4.00e-01 1.19e+02  -1.0 9.06e+05    -  6.23e-04 6.03e-04h  3
 122  1.2439477e+06 4.00e-01 1.19e+02  -1.0 8.87e+05    -  4.40e-04 4.21e-04h  3
 123  1.2460688e+06 4.00e-01 1.19e+02  -1.0 1.60e+06    -  3.75e-04 5.08e-04h  2
 124  1.2475949e+06 3.99e-01 1.19e+02  -1.0 1.05e+06    -  1.12e-03 3.68e-04h  3
 125  1.2500525e+06 3.99e-01 1.18e+02  -1.0 9.32e+05    -  5.51e-04 5.91e-04h  3
 126  1.2604408e+06 3.98e-01 1.18e+02  -1.0 1.02e+06    -  8.04e-04 2.49e-03w  1
 127  1.2647962e+06 3.98e-01 1.18e+02  -1.0 9.04e+05    -  1.02e-03 1.06e-03w  1
 128  1.2693776e+06 3.97e-01 1.18e+02  -1.0 7.66e+05    -  1.41e-03 1.12e-03w  1
 129  1.2526496e+06 3.99e-01 1.18e+02  -1.0 7.66e+05    -  8.04e-04 6.23e-04h  2
iter    objective    inf_pr   inf_du lg(mu)  ||d||  lg(rg) alpha_du alpha_pr  ls
 130  1.2549380e+06 3.99e-01 1.18e+02  -1.0 9.87e+05    -  5.98e-04 5.45e-04h  3
 131  1.2570695e+06 3.98e-01 1.18e+02  -1.0 9.52e+05    -  5.70e-04 5.06e-04h  3
 132  1.2592857e+06 3.98e-01 1.18e+02  -1.0 9.13e+05    -  1.05e-03 5.28e-04h  3
 133  1.2616036e+06 3.98e-01 1.18e+02  -1.0 8.58e+05    -  9.12e-04 5.53e-04h  3
 134  1.2641473e+06 3.98e-01 1.18e+02  -1.0 8.48e+05    -  4.21e-04 6.06e-04h  3
 135  1.2667765e+06 3.98e-01 1.18e+02  -1.0 8.09e+05    -  9.77e-04 6.29e-04h  3
 136  1.2696271e+06 3.97e-01 1.18e+02  -1.0 8.36e+05    -  6.60e-04 6.84e-04h  3
 137  1.2720054e+06 3.97e-01 1.18e+02  -1.0 7.96e+05    -  5.50e-04 5.72e-04h  3
 138  1.2739664e+06 3.97e-01 1.18e+02  -1.0 7.43e+05    -  7.13e-04 4.71e-04h  3
 139  1.2797912e+06 3.96e-01 1.17e+02  -1.0 1.10e+06    -  4.03e-04 1.40e-03w  1
iter    objective    inf_pr   inf_du lg(mu)  ||d||  lg(rg) alpha_du alpha_pr  ls
 140  1.2854620e+06 3.96e-01 1.17e+02  -1.0 1.03e+06    -  8.47e-04 1.38e-03w  1
 141  1.2896283e+06 3.95e-01 1.17e+02  -1.0 1.76e+06    -  8.16e-04 1.02e-03w  1
 142  1.2768788e+06 3.97e-01 1.17e+02  -1.0 9.36e+05    -  4.03e-04 6.99e-04h  1
 143  1.2791860e+06 3.96e-01 1.17e+02  -1.0 1.37e+06    -  7.78e-04 5.54e-04h  2
 144  1.2812165e+06 3.96e-01 1.17e+02  -1.0 2.40e+06    -  2.38e-04 4.84e-04h  2
 145  1.2836474e+06 3.96e-01 1.17e+02  -1.0 1.58e+06    -  1.11e-03 5.91e-04h  2
 146  1.2856311e+06 3.96e-01 1.17e+02  -1.0 1.20e+06    -  9.58e-04 4.89e-04h  3
 147  1.2878741e+06 3.96e-01 1.17e+02  -1.0 1.07e+06    -  4.86e-04 5.53e-04h  3
 148  1.2902762e+06 3.95e-01 1.17e+02  -1.0 9.77e+05    -  7.03e-04 5.94e-04h  3
 149  1.2931101e+06 3.95e-01 1.17e+02  -1.0 8.87e+05    -  1.08e-03 7.02e-04h  3
iter    objective    inf_pr   inf_du lg(mu)  ||d||  lg(rg) alpha_du alpha_pr  ls
 150  1.2958828e+06 3.95e-01 1.17e+02  -1.0 7.97e+05    -  7.65e-04 6.91e-04h  3
 151  1.2983550e+06 3.95e-01 1.17e+02  -1.0 7.40e+05    -  1.06e-03 6.19e-04h  3
 152  1.3009629e+06 3.94e-01 1.17e+02  -1.0 1.61e+06    -  2.14e-04 6.48e-04h  2
 153  1.3063521e+06 3.94e-01 1.16e+02  -1.0 1.25e+06    -  9.48e-04 1.35e-03w  1
 154  1.3125634e+06 3.93e-01 1.16e+02  -1.0 7.84e+05    -  1.11e-03 1.59e-03w  1
 155  1.3231208e+06 3.92e-01 1.16e+02  -1.0 6.92e+05    -  2.13e-03 2.74e-03w  1
 156  1.3036575e+06 3.94e-01 1.16e+02  -1.0 5.31e+05    -  9.48e-04 6.76e-04h  1
 157  1.3071152e+06 3.94e-01 1.16e+02  -1.0 8.97e+05    -  9.30e-04 8.77e-04h  2
 158  1.3105475e+06 3.93e-01 1.16e+02  -1.0 8.14e+05    -  2.00e-03 8.79e-04h  2
 159  1.3142236e+06 3.93e-01 1.16e+02  -1.0 6.76e+05    -  5.60e-04 9.52e-04h  3
iter    objective    inf_pr   inf_du lg(mu)  ||d||  lg(rg) alpha_du alpha_pr  ls
 160  1.3167639e+06 3.93e-01 1.16e+02  -1.0 6.43e+05    -  2.06e-03 6.61e-04h  3
 161  1.3205593e+06 3.92e-01 1.16e+02  -1.0 6.48e+05    -  1.03e-03 9.96e-04h  3
 162  1.3250429e+06 3.92e-01 1.16e+02  -1.0 6.02e+05    -  1.69e-03 1.18e-03h  3
 163  1.3296192e+06 3.91e-01 1.15e+02  -1.0 5.50e+05    -  9.89e-04 1.22e-03h  3
 164  1.3333626e+06 3.91e-01 1.15e+02  -1.0 6.06e+05    -  1.27e-03 1.00e-03h  3
 165  1.3361888e+06 3.91e-01 1.15e+02  -1.0 7.22e+05    -  6.00e-04 7.59e-04h  3
 166  1.3386899e+06 3.90e-01 1.15e+02  -1.0 7.20e+05    -  1.44e-03 6.75e-04h  3
 167  1.3496706e+06 3.89e-01 1.15e+02  -1.0 7.11e+05    -  1.20e-03 2.98e-03w  1
 168  1.3612408e+06 3.88e-01 1.15e+02  -1.0 4.00e+05    -  1.71e-03 3.19e-03w  1
 169  1.3720534e+06 3.87e-01 1.14e+02  -1.0 4.01e+05    -  3.23e-03 3.04e-03w  1
iter    objective    inf_pr   inf_du lg(mu)  ||d||  lg(rg) alpha_du alpha_pr  ls
 170  1.3414350e+06 3.90e-01 1.15e+02  -1.0 3.61e+05    -  1.20e-03 7.44e-04h  2
 171  1.3442237e+06 3.90e-01 1.15e+02  -1.0 8.15e+05    -  1.14e-03 7.59e-04h  3
 172  1.3793432e+06 3.82e-01 1.12e+02  -1.0 2.69e+03  -4.0 2.63e-02 2.08e-02h  4
 173  1.4093339e+06 3.75e-01 1.11e+02  -1.0 4.43e+03  -4.5 1.34e-02 1.78e-02h  5
 174  1.4253867e+06 3.71e-01 1.11e+02  -1.0 9.06e+03  -5.0 6.40e-03 9.06e-03h  4
 175  1.4374736e+06 3.69e-01 1.12e+02  -1.0 2.04e+04  -5.4 4.01e-03 5.94e-03h  3
 176  1.4434598e+06 3.68e-01 1.12e+02  -1.0 4.75e+04  -5.9 2.70e-03 2.35e-03h  3
 177  1.4477779e+06 3.68e-01 1.12e+02  -1.0 9.66e+04  -6.4 2.44e-03 1.37e-03h  3
 178  1.4551680e+06 3.67e-01 1.12e+02  -1.0 5.02e+04  -6.0 2.42e-03 2.73e-03h  3
 179  1.4612645e+06 3.66e-01 1.12e+02  -1.0 9.75e+04  -6.4 1.90e-03 1.82e-03h  3
iter    objective    inf_pr   inf_du lg(mu)  ||d||  lg(rg) alpha_du alpha_pr  ls
 180  1.4967656e+06 3.62e-01 1.22e+02  -1.0 5.31e+04  -6.0 3.70e-03 1.25e-02w  1
 181  1.5089049e+06 3.60e-01 1.23e+02  -1.0 2.29e+05  -6.5 2.39e-03 3.47e-03w  1
 182  1.5167300e+06 3.59e-01 1.23e+02  -1.0 6.42e+04  -6.1 4.80e-03 2.64e-03w  1
 183  1.4657020e+06 3.66e-01 1.12e+02  -1.0 2.30e+05  -6.5 3.70e-03 1.57e-03h  3
 184  1.4701623e+06 3.65e-01 1.12e+02  -1.0 6.59e+04  -6.1 1.45e-03 1.48e-03h  4
 185  1.4761268e+06 3.64e-01 1.12e+02  -1.0 3.32e+04  -5.7 3.93e-03 2.42e-03h  4
 186  1.4809686e+06 3.64e-01 1.12e+02  -1.0 7.66e+04  -6.2 1.82e-03 1.52e-03h  4
 187  1.4867522e+06 3.63e-01 1.12e+02  -1.0 3.62e+04  -5.7 3.59e-03 2.25e-03h  4
 188  1.4906156e+06 3.62e-01 1.12e+02  -1.0 8.26e+04  -6.2 1.69e-03 1.16e-03h  4
 189  1.4958289e+06 3.62e-01 1.12e+02  -1.0 3.96e+04  -5.8 3.02e-03 1.92e-03h  4
iter    objective    inf_pr   inf_du lg(mu)  ||d||  lg(rg) alpha_du alpha_pr  ls
 190  1.5014065e+06 3.61e-01 1.12e+02  -1.0 9.42e+04  -6.3 1.56e-03 1.57e-03h  3
 191  1.5062234e+06 3.61e-01 1.12e+02  -1.0 4.32e+04  -5.8 2.96e-03 1.69e-03h  4
 192  1.5101054e+06 3.60e-01 1.12e+02  -1.0 1.15e+05  -6.3 1.69e-03 1.05e-03h  3
 193  1.5445478e+06 3.56e-01 1.18e+02  -1.0 4.75e+04  -5.9 2.41e-03 1.16e-02w  1
 194  1.5532446e+06 3.55e-01 1.18e+02  -1.0 1.00e+05  -6.4 3.21e-03 2.24e-03w  1
 195  1.5837224e+06 3.52e-01 1.21e+02  -1.0 5.06e+04  -5.9 4.17e-03 9.80e-03w  1
 196  1.5144106e+06 3.60e-01 1.12e+02  -1.0 1.06e+05  -6.4 2.41e-03 1.44e-03h  3
 197  1.5179204e+06 3.59e-01 1.12e+02  -1.0 5.67e+04  -6.0 2.11e-03 1.10e-03h  4
 198  1.5210011e+06 3.59e-01 1.12e+02  -1.0 3.19e+05  -6.5 1.10e-03 7.41e-04h  2
 199  1.5242739e+06 3.59e-01 1.12e+02  -1.0 6.17e+04  -6.0 1.88e-03 9.79e-04h  4
iter    objective    inf_pr   inf_du lg(mu)  ||d||  lg(rg) alpha_du alpha_pr  ls
 200  1.5269382e+06 3.58e-01 1.12e+02  -1.0 1.84e+05  -6.5 1.40e-03 6.21e-04h  3
 201  1.5319599e+06 3.58e-01 1.12e+02  -1.0 6.73e+04  -6.1 1.54e-03 1.44e-03h  4
 202  1.5343175e+06 3.58e-01 1.12e+02  -1.0 1.33e+05  -6.6 1.10e-03 5.30e-04h  4
 203  1.5398060e+06 3.57e-01 1.12e+02  -1.0 7.31e+04  -6.1 1.94e-03 1.51e-03h  4
 204  1.5432092e+06 3.57e-01 1.12e+02  -1.0 1.40e+05  -6.6 1.36e-03 7.40e-04h  4
 205  1.5459133e+06 3.57e-01 1.12e+02  -1.0 7.93e+04  -6.2 1.81e-03 7.15e-04h  5
 206  1.5749361e+06 3.55e-01 1.14e+02  -1.0 1.48e+05  -6.7 8.39e-04 6.06e-03w  1
 207  1.5997644e+06 3.52e-01 1.16e+02  -1.0 8.61e+04  -6.2 3.59e-03 6.34e-03w  1
 208  1.6121785e+06 3.51e-01 1.16e+02  -1.0 1.60e+05  -6.7 2.05e-03 2.56e-03w  1
 209  1.5495408e+06 3.56e-01 1.12e+02  -1.0 9.12e+04  -6.3 8.39e-04 7.58e-04h  3
iter    objective    inf_pr   inf_du lg(mu)  ||d||  lg(rg) alpha_du alpha_pr  ls
 210  1.5533791e+06 3.56e-01 1.12e+02  -1.0 2.96e+05  -6.8 1.33e-03 7.69e-04h  3
 211  1.5559722e+06 3.56e-01 1.11e+02  -1.0 1.02e+05  -6.4 1.71e-03 6.21e-04h  5
 212  1.5561081e+06 3.56e-01 1.11e+02  -1.0 6.21e+06  -6.8 2.77e-04 2.51e-05h  3
 213  1.5587891e+06 3.56e-01 1.11e+02  -1.0 1.10e+05  -6.4 9.65e-04 6.22e-04h  5
 214  1.5618832e+06 3.55e-01 1.11e+02  -1.0 5.45e+04  -6.0 2.01e-03 9.18e-04h  5
 215  1.5642880e+06 3.55e-01 1.11e+02  -1.0 1.18e+05  -6.5 9.92e-04 5.40e-04h  5
 216  1.5700063e+06 3.55e-01 1.11e+02  -1.0 5.94e+04  -6.0 1.73e-03 1.63e-03h  4
 217  1.5743299e+06 3.54e-01 1.11e+02  -1.0 1.23e+05  -6.5 1.14e-03 9.38e-04h  4
 218  1.5794065e+06 3.54e-01 1.11e+02  -1.0 6.46e+04  -6.1 2.01e-03 1.39e-03h  4
 219  1.6136686e+06 3.51e-01 1.14e+02  -1.0 1.31e+05  -6.6 1.73e-03 7.22e-03w  1
iter    objective    inf_pr   inf_du lg(mu)  ||d||  lg(rg) alpha_du alpha_pr  ls
 220  1.6345479e+06 3.49e-01 1.15e+02  -1.0 6.93e+04  -6.1 4.42e-03 5.55e-03w  1
 221  1.6569655e+06 3.48e-01 1.17e+02  -1.0 1.35e+05  -6.6 3.22e-03 4.69e-03w  1
 222  1.5815477e+06 3.54e-01 1.11e+02  -1.0 1.99e+05  -7.1 1.73e-03 4.51e-04h  4
 223  1.5855223e+06 3.53e-01 1.11e+02  -1.0 1.48e+05  -6.7 7.37e-04 7.99e-04h  4
 224  1.5879610e+06 3.53e-01 1.11e+02  -1.0 8.34e+04  -6.2 2.34e-03 6.03e-04h  5
 225  1.5917442e+06 3.53e-01 1.11e+02  -1.0 1.56e+05  -6.7 1.42e-03 7.45e-04h  4
 226  1.5942449e+06 3.53e-01 1.11e+02  -1.0 8.96e+04  -6.3 2.15e-03 5.98e-04h  5
 227  1.5961451e+06 3.52e-01 1.11e+02  -1.0 1.62e+05  -6.8 1.17e-03 3.66e-04h  5
 228  1.5990015e+06 3.52e-01 1.11e+02  -1.0 9.69e+04  -6.3 1.76e-03 6.61e-04h  5
 229  1.6011244e+06 3.52e-01 1.11e+02  -1.0 1.68e+05  -6.8 1.35e-03 4.02e-04h  5
iter    objective    inf_pr   inf_du lg(mu)  ||d||  lg(rg) alpha_du alpha_pr  ls
 230  1.6042493e+06 3.52e-01 1.11e+02  -1.0 1.04e+05  -6.4 1.49e-03 7.01e-04h  5
 231  1.6067468e+06 3.52e-01 1.11e+02  -1.0 1.76e+05  -6.9 1.11e-03 4.64e-04h  5
 232  1.6561696e+06 3.48e-01 1.18e+02  -1.0 1.12e+05  -6.4 9.39e-04 1.08e-02w  1
 233  1.6700956e+06 3.47e-01 1.18e+02  -1.0 1.80e+05  -6.9 2.84e-03 2.57e-03w  1
 234  1.6866588e+06 3.46e-01 1.18e+02  -1.0 3.37e+05  -7.4 1.61e-03 2.81e-03w  1
 235  1.6098355e+06 3.51e-01 1.11e+02  -1.0 9.50e+05    -  9.39e-04 6.72e-04h  4
 236  1.6124391e+06 3.51e-01 1.11e+02  -1.0 1.90e+05  -7.0 7.90e-04 4.68e-04h  5
 237  1.6154563e+06 3.51e-01 1.11e+02  -1.0 1.28e+05  -6.5 1.74e-03 6.23e-04h  5
 238  1.6180023e+06 3.51e-01 1.11e+02  -1.0 1.97e+05  -7.0 4.85e-04 4.49e-04h  5
 239  1.6191635e+06 3.51e-01 1.11e+02  -1.0 1.78e+06  -7.5 9.50e-04 1.87e-04h  3
iter    objective    inf_pr   inf_du lg(mu)  ||d||  lg(rg) alpha_du alpha_pr  ls
 240  1.6224323e+06 3.51e-01 1.11e+02  -1.0 7.40e+04  -6.2 1.19e-03 8.17e-04h  5
 241  1.6248761e+06 3.50e-01 1.11e+02  -1.0 1.43e+05  -6.6 1.76e-03 4.79e-04h  5
 242  1.6278432e+06 3.50e-01 1.11e+02  -1.0 8.00e+04  -6.2 1.52e-03 7.13e-04h  5
 243  1.6301891e+06 3.50e-01 1.10e+02  -1.0 1.50e+05  -6.7 1.24e-03 4.47e-04h  5
 244  1.6330592e+06 3.50e-01 1.10e+02  -1.0 8.62e+04  -6.3 2.00e-03 6.64e-04h  5
 245  1.6720881e+06 3.47e-01 1.14e+02  -1.0 1.57e+05  -6.7 1.10e-03 7.22e-03w  1
 246  1.6872114e+06 3.46e-01 1.14e+02  -1.0 2.52e+05  -7.2 1.79e-03 2.50e-03w  1
 247  1.7018778e+06 3.46e-01 1.13e+02  -1.0 5.89e+05    -  2.40e-03 2.24e-03w  1
 248  1.6354983e+06 3.50e-01 1.10e+02  -1.0 4.34e+05    -  1.10e-03 4.51e-04h  4
 249  1.6380021e+06 3.49e-01 1.10e+02  -1.0 1.64e+05  -6.8 1.18e-03 4.53e-04h  5
iter    objective    inf_pr   inf_du lg(mu)  ||d||  lg(rg) alpha_du alpha_pr  ls
 250  1.6410770e+06 3.49e-01 1.10e+02  -1.0 9.87e+04  -6.4 7.67e-04 6.62e-04h  5
 251  1.6437519e+06 3.49e-01 1.10e+02  -1.0 1.69e+05  -6.8 1.51e-03 4.73e-04h  5
 252  1.6469421e+06 3.49e-01 1.10e+02  -1.0 1.04e+05  -6.4 1.31e-03 6.63e-04h  5
 253  1.6496269e+06 3.49e-01 1.10e+02  -1.0 1.70e+05  -6.9 1.66e-03 4.62e-04h  5
 254  1.6528556e+06 3.48e-01 1.10e+02  -1.0 1.10e+05  -6.5 1.39e-03 6.47e-04h  5
 255  1.6557277e+06 3.48e-01 1.10e+02  -1.0 1.72e+05  -6.9 1.22e-03 4.82e-04h  5
 256  1.6590112e+06 3.48e-01 1.10e+02  -1.0 1.17e+05  -6.5 1.52e-03 6.37e-04h  5
 257  1.6616782e+06 3.48e-01 1.10e+02  -1.0 1.80e+05  -7.0 6.93e-04 4.37e-04h  5
 258  1.7095429e+06 3.45e-01 1.15e+02  -1.0 1.24e+05  -6.6 1.43e-03 9.02e-03w  1
 259  1.7264944e+06 3.44e-01 1.15e+02  -1.0 1.85e+05  -7.1 4.43e-03 2.82e-03w  1
iter    objective    inf_pr   inf_du lg(mu)  ||d||  lg(rg) alpha_du alpha_pr  ls
 260  1.7488243e+06 3.43e-01 1.14e+02  -1.0 4.18e+05    -  2.19e-03 3.39e-03w  1
 261  1.6646695e+06 3.48e-01 1.10e+02  -1.0 3.85e+05    -  1.43e-03 5.64e-04h  4
 262  1.6665873e+06 3.48e-01 1.10e+02  -1.0 9.32e+05  -7.5 1.43e-03 2.88e-04h  3
 263  1.6674354e+06 3.48e-01 1.10e+02  -1.0 5.78e+06    -  4.31e-04 1.18e-04h  2
 264  1.6695645e+06 3.47e-01 1.10e+02  -1.0 1.06e+06    -  1.15e-03 3.03e-04h  4
 265  1.6714491e+06 3.47e-01 1.10e+02  -1.0 8.49e+05  -8.0 9.78e-04 2.74e-04h  4
 266  1.6722013e+06 3.47e-01 1.10e+02  -1.0 3.89e+06  -8.5 7.18e-04 1.07e-04h  3
 267  1.6748991e+06 3.47e-01 1.10e+02  -1.0 4.59e+05    -  1.06e-03 3.87e-04h  5
 268  1.6763050e+06 3.47e-01 1.10e+02  -1.0 4.54e+05    -  1.27e-03 2.02e-04h  6
 269  1.6778284e+06 3.47e-01 1.10e+02  -1.0 4.49e+05    -  7.43e-04 2.20e-04h  6
iter    objective    inf_pr   inf_du lg(mu)  ||d||  lg(rg) alpha_du alpha_pr  ls
 270  1.6794206e+06 3.47e-01 1.10e+02  -1.0 4.45e+05    -  1.10e-03 2.31e-04h  6
 271  1.7341946e+06 3.44e-01 1.07e+02  -1.0 4.39e+05    -  1.07e-03 7.98e-03w  1
 272  1.7519953e+06 3.43e-01 1.07e+02  -1.0 3.82e+05    -  3.25e-03 2.77e-03w  1
 273  1.7722359e+06 3.42e-01 1.06e+02  -1.0 3.39e+05    -  8.18e-04 3.27e-03w  1
 274  1.6811320e+06 3.47e-01 1.10e+02  -1.0 3.01e+05    -  1.07e-03 2.49e-04h  5
 275  1.6829685e+06 3.47e-01 1.10e+02  -1.0 4.34e+05    -  1.09e-03 2.69e-04h  6
 276  1.6848800e+06 3.47e-01 1.10e+02  -1.0 4.28e+05    -  1.03e-03 2.81e-04h  6
 277  1.6867613e+06 3.47e-01 1.10e+02  -1.0 4.23e+05    -  1.06e-03 2.78e-04h  6
 278  1.6886285e+06 3.46e-01 1.10e+02  -1.0 4.17e+05    -  2.79e-04 2.77e-04h  6
 279  1.6904610e+06 3.46e-01 1.10e+02  -1.0 4.15e+05    -  1.12e-03 2.72e-04h  6
iter    objective    inf_pr   inf_du lg(mu)  ||d||  lg(rg) alpha_du alpha_pr  ls
 280  1.6922985e+06 3.46e-01 1.10e+02  -1.0 4.08e+05    -  9.27e-04 2.74e-04h  6
 281  1.6941427e+06 3.46e-01 1.10e+02  -1.0 4.03e+05    -  1.61e-03 2.77e-04h  6
 282  1.6960423e+06 3.46e-01 1.09e+02  -1.0 3.95e+05    -  1.13e-03 2.87e-04h  6
 283  1.6979821e+06 3.46e-01 1.09e+02  -1.0 3.88e+05    -  1.15e-03 2.95e-04h  6
 284  1.7616922e+06 3.43e-01 1.06e+02  -1.0 3.81e+05    -  1.04e-03 9.73e-03w  1
 285  1.7821887e+06 3.41e-01 1.05e+02  -1.0 3.02e+05    -  4.88e-03 3.36e-03w  1
 286  1.8133790e+06 3.40e-01 1.04e+02  -1.0 2.37e+05    -  3.50e-03 5.36e-03w  1
 287  1.6999728e+06 3.46e-01 1.09e+02  -1.0 2.10e+05    -  1.04e-03 3.04e-04h  5
 288  1.7020145e+06 3.46e-01 1.09e+02  -1.0 3.75e+05    -  1.75e-03 3.13e-04h  6
 289  1.7041685e+06 3.46e-01 1.09e+02  -1.0 3.65e+05    -  2.01e-03 3.33e-04h  6
iter    objective    inf_pr   inf_du lg(mu)  ||d||  lg(rg) alpha_du alpha_pr  ls
 290  1.7062098e+06 3.46e-01 1.09e+02  -1.0 3.54e+05    -  1.63e-03 3.18e-04h  6
 291  1.7081951e+06 3.45e-01 1.09e+02  -1.0 3.45e+05    -  1.19e-03 3.11e-04h  6
 292  1.7101513e+06 3.45e-01 1.09e+02  -1.0 3.38e+05    -  1.20e-03 3.08e-04h  6
 293  1.7120997e+06 3.45e-01 1.09e+02  -1.0 3.30e+05    -  1.82e-03 3.08e-04h  6
 294  1.7140899e+06 3.45e-01 1.09e+02  -1.0 3.20e+05    -  1.11e-03 3.17e-04h  6
 295  1.7161078e+06 3.45e-01 1.09e+02  -1.0 3.13e+05    -  9.02e-04 3.23e-04h  6
 296  1.7181512e+06 3.45e-01 1.09e+02  -1.0 3.07e+05    -  2.06e-03 3.28e-04h  6
 297  1.7875597e+06 3.41e-01 1.04e+02  -1.0 2.96e+05    -  1.29e-03 1.12e-02w  1
 298  1.8228314e+06 3.39e-01 1.03e+02  -1.0 2.20e+05    -  3.47e-03 6.11e-03w  1
 299  1.8324602e+06 3.38e-01 1.02e+02  -1.0 2.06e+05    -  4.23e-03 1.77e-03w  1
iter    objective    inf_pr   inf_du lg(mu)  ||d||  lg(rg) alpha_du alpha_pr  ls
 300  1.7203200e+06 3.45e-01 1.09e+02  -1.0 2.00e+05    -  1.29e-03 3.50e-04h  5
 301  1.7225717e+06 3.45e-01 1.09e+02  -1.0 2.88e+05    -  1.08e-03 3.66e-04h  6
 302  1.7248960e+06 3.45e-01 1.09e+02  -1.0 2.81e+05    -  2.40e-03 3.79e-04h  6
 303  1.7273810e+06 3.44e-01 1.09e+02  -1.0 2.68e+05    -  1.22e-03 4.09e-04h  6
 304  1.7299308e+06 3.44e-01 1.09e+02  -1.0 2.60e+05    -  1.70e-03 4.21e-04h  6
 305  1.7325997e+06 3.44e-01 1.09e+02  -1.0 2.51e+05    -  1.35e-03 4.44e-04h  6
 306  1.7353378e+06 3.44e-01 1.09e+02  -1.0 2.63e+05    -  1.42e-03 4.58e-04h  6
 307  1.7380407e+06 3.44e-01 1.09e+02  -1.0 2.35e+05    -  1.67e-03 4.54e-04h  6
 308  1.7406859e+06 3.44e-01 1.09e+02  -1.0 2.54e+05    -  1.57e-03 4.47e-04h  6
 309  1.7432809e+06 3.43e-01 1.09e+02  -1.0 2.44e+05    -  1.80e-03 4.42e-04h  6
iter    objective    inf_pr   inf_du lg(mu)  ||d||  lg(rg) alpha_du alpha_pr  ls
 310  1.8251296e+06 3.39e-01 1.02e+02  -1.0 2.45e+05    -  9.43e-04 1.40e-02w  1
 311  1.8397915e+06 3.38e-01 1.01e+02  -1.0 2.34e+05    -  3.71e-03 2.72e-03w  1
 312  1.8550324e+06 3.37e-01 1.00e+02  -1.0 2.48e+05    -  3.88e-03 2.92e-03w  1
 313  1.7458385e+06 3.43e-01 1.09e+02  -1.0 2.37e+05    -  9.43e-04 4.38e-04h  5
 314  1.7483489e+06 3.43e-01 1.08e+02  -1.0 2.69e+05    -  2.23e-03 4.32e-04h  6
 315  1.7508499e+06 3.43e-01 1.08e+02  -1.0 2.84e+05    -  9.90e-04 4.33e-04h  6
 316  1.7533171e+06 3.43e-01 1.08e+02  -1.0 2.58e+05    -  1.41e-03 4.29e-04h  6
 317  1.7557691e+06 3.43e-01 1.08e+02  -1.0 2.72e+05    -  1.95e-03 4.29e-04h  6
 318  1.7582332e+06 3.43e-01 1.08e+02  -1.0 2.63e+05    -  9.92e-04 4.34e-04h  6
 319  1.7606815e+06 3.42e-01 1.08e+02  -1.0 2.80e+05    -  2.75e-03 4.33e-04h  6
iter    objective    inf_pr   inf_du lg(mu)  ||d||  lg(rg) alpha_du alpha_pr  ls
 320  1.7631979e+06 3.42e-01 1.08e+02  -1.0 2.61e+05    -  7.61e-04 4.49e-04h  6
 321  1.7656529e+06 3.42e-01 1.08e+02  -1.0 2.60e+05    -  2.17e-03 4.39e-04h  6
 322  1.7680653e+06 3.42e-01 1.08e+02  -1.0 2.61e+05    -  1.16e-03 4.35e-04h  6
 323  1.8436841e+06 3.37e-01 1.01e+02  -1.0 2.57e+05    -  1.36e-03 1.37e-02w  1
 324  1.8567171e+06 3.36e-01 1.01e+02  -1.0 2.64e+05    -  1.79e-03 2.52e-03w  1
 325  1.8898135e+06 3.34e-01 9.88e+01  -1.0 2.61e+05    -  5.17e-03 6.53e-03w  1
 326  1.7704282e+06 3.42e-01 1.08e+02  -1.0 2.28e+05    -  1.36e-03 4.28e-04h  5
 327  1.7727529e+06 3.42e-01 1.08e+02  -1.0 2.55e+05    -  2.52e-04 4.22e-04h  6
 328  1.7768304e+06 3.41e-01 1.08e+02  -1.0 2.96e+05    -  1.22e-03 7.42e-04h  5
 329  1.7809286e+06 3.41e-01 1.08e+02  -1.0 2.91e+05    -  1.54e-03 7.50e-04h  5
iter    objective    inf_pr   inf_du lg(mu)  ||d||  lg(rg) alpha_du alpha_pr  ls
 330  1.7851151e+06 3.41e-01 1.08e+02  -1.0 2.87e+05    -  1.80e-03 7.71e-04h  5
 331  1.7892438e+06 3.41e-01 1.08e+02  -1.0 2.83e+05    -  1.61e-03 7.66e-04h  5
 332  1.7931978e+06 3.40e-01 1.07e+02  -1.0 2.78e+05    -  1.78e-03 7.38e-04h  5
 333  1.7970144e+06 3.40e-01 1.07e+02  -1.0 2.73e+05    -  1.96e-03 7.17e-04h  5
 334  1.8007367e+06 3.40e-01 1.07e+02  -1.0 2.68e+05    -  1.72e-03 7.04e-04h  5
 335  1.8043856e+06 3.40e-01 1.07e+02  -1.0 2.64e+05    -  1.76e-03 6.94e-04h  5
 336  1.8621799e+06 3.36e-01 1.02e+02  -1.0 2.59e+05    -  7.28e-04 1.11e-02w  1
 337  1.8910782e+06 3.34e-01 1.01e+02  -1.0 2.32e+05    -  4.39e-03 5.79e-03w  1
 338  1.9074748e+06 3.33e-01 1.00e+02  -1.0 2.23e+05    -  4.40e-03 3.41e-03w  1
 339  1.8079977e+06 3.39e-01 1.07e+02  -1.0 2.15e+05    -  7.28e-04 6.91e-04h  4
iter    objective    inf_pr   inf_du lg(mu)  ||d||  lg(rg) alpha_du alpha_pr  ls
 340  1.8115141e+06 3.39e-01 1.07e+02  -1.0 2.57e+05    -  1.94e-03 6.75e-04h  5
 341  1.8150629e+06 3.39e-01 1.07e+02  -1.0 2.52e+05    -  2.14e-03 6.86e-04h  5
 342  1.8186981e+06 3.39e-01 1.07e+02  -1.0 2.47e+05    -  1.91e-03 7.07e-04h  5
 343  1.8224281e+06 3.39e-01 1.07e+02  -1.0 2.42e+05    -  1.40e-03 7.30e-04h  5
 344  1.8262159e+06 3.38e-01 1.07e+02  -1.0 2.39e+05    -  1.25e-03 7.45e-04h  5
 345  1.8300588e+06 3.38e-01 1.07e+02  -1.0 2.35e+05    -  2.37e-03 7.60e-04h  5
 346  1.8339593e+06 3.38e-01 1.06e+02  -1.0 2.33e+05    -  4.19e-03 7.77e-04h  5
 347  1.8378417e+06 3.37e-01 1.06e+02  -1.0 2.30e+05    -  3.37e-03 7.81e-04h  5
 348  1.8418273e+06 3.37e-01 1.06e+02  -1.0 2.27e+05    -  2.55e-03 8.08e-04h  5
 349  1.9075892e+06 3.33e-01 9.92e+01  -1.0 2.25e+05    -  2.90e-03 1.34e-02w  1
iter    objective    inf_pr   inf_du lg(mu)  ||d||  lg(rg) alpha_du alpha_pr  ls
 350  1.9375365e+06 3.31e-01 9.72e+01  -1.0 2.07e+05    -  4.47e-03 6.42e-03w  1
 351  1.9803301e+06 3.27e-01 1.07e+02  -1.0 1.93e+05    -  2.31e-03 9.42e-03w  1
 352  1.8459373e+06 3.37e-01 1.06e+02  -1.0 1.95e+05    -  2.90e-03 8.39e-04h  4
 353  1.8502827e+06 3.37e-01 1.06e+02  -1.0 2.22e+05    -  1.51e-03 8.93e-04h  5
 354  1.8547225e+06 3.36e-01 1.06e+02  -1.0 2.20e+05    -  1.99e-03 9.17e-04h  5
 355  1.8593591e+06 3.36e-01 1.06e+02  -1.0 2.18e+05    -  1.76e-03 9.63e-04h  5
 356  1.8639602e+06 3.36e-01 1.06e+02  -1.0 2.16e+05    -  1.03e-03 9.59e-04h  5
 357  1.8684484e+06 3.35e-01 1.05e+02  -1.0 2.31e+05    -  2.34e-03 9.40e-04h  5
 358  1.8729628e+06 3.35e-01 1.05e+02  -1.0 2.24e+05    -  3.57e-03 9.50e-04h  5
 359  1.8776660e+06 3.35e-01 1.05e+02  -1.0 2.23e+05    -  1.76e-03 9.97e-04h  5
iter    objective    inf_pr   inf_du lg(mu)  ||d||  lg(rg) alpha_du alpha_pr  ls
 360  1.8824106e+06 3.34e-01 1.05e+02  -1.0 2.21e+05    -  1.72e-03 1.01e-03h  5
 361  1.8872160e+06 3.34e-01 1.05e+02  -1.0 2.19e+05    -  1.94e-03 1.03e-03h  5
 362  1.9034262e+06 3.33e-01 1.04e+02  -1.0 2.17e+05    -  2.58e-04 3.48e-03w  1
 363  1.9256457e+06 3.31e-01 1.03e+02  -1.0 2.14e+05    -  3.25e-03 4.81e-03w  1
 364  1.9412969e+06 3.30e-01 1.02e+02  -1.0 2.18e+05    -  4.31e-03 3.45e-03w  1
 365  1.8912685e+06 3.34e-01 1.05e+02  -1.0 2.11e+05    -  2.58e-04 8.70e-04h  2
 366  1.8940628e+06 3.34e-01 1.05e+02  -1.0 2.16e+05    -  1.98e-03 6.01e-04h  3
 367  1.8970023e+06 3.33e-01 1.05e+02  -1.0 2.30e+05    -  2.71e-03 6.35e-04h  3
 368  1.9010167e+06 3.33e-01 1.05e+02  -1.0 2.15e+05    -  2.14e-03 8.71e-04h  3
 369  1.9037630e+06 3.33e-01 1.04e+02  -1.0 2.19e+05    -  3.17e-03 5.98e-04h  4
iter    objective    inf_pr   inf_du lg(mu)  ||d||  lg(rg) alpha_du alpha_pr  ls
 370  1.9067431e+06 3.33e-01 1.04e+02  -1.0 2.17e+05    -  2.62e-03 6.52e-04h  4
 371  1.9099091e+06 3.32e-01 1.04e+02  -1.0 2.15e+05    -  2.12e-04 6.95e-04h  4
 372  1.9149224e+06 3.32e-01 1.04e+02  -1.0 2.14e+05    -  2.15e-03 1.10e-03h  3
 373  1.9190602e+06 3.32e-01 1.04e+02  -1.0 2.12e+05    -  8.94e-04 9.14e-04h  3
 374  1.9218293e+06 3.32e-01 1.04e+02  -1.0 2.11e+05    -  7.40e-04 6.12e-04h  3
 375  1.9324304e+06 3.31e-01 1.04e+02  -1.0 2.10e+05    -  2.81e-03 2.35e-03w  1
 376  1.9450997e+06 3.30e-01 1.03e+02  -1.0 2.06e+05    -  2.66e-03 2.83e-03w  1
 377  1.9580633e+06 3.29e-01 1.02e+02  -1.0 2.02e+05    -  1.96e-03 2.92e-03w  1
 378  1.9271298e+06 3.31e-01 1.04e+02  -1.0 1.96e+05    -  2.81e-03 1.17e-03h  1
 379  1.9308360e+06 3.31e-01 1.04e+02  -1.0 2.07e+05    -  2.21e-03 8.25e-04h  3
iter    objective    inf_pr   inf_du lg(mu)  ||d||  lg(rg) alpha_du alpha_pr  ls
 380  1.9361171e+06 3.30e-01 1.03e+02  -1.0 2.05e+05    -  1.90e-03 1.18e-03h  3
 381  1.9414454e+06 3.30e-01 1.03e+02  -1.0 2.02e+05    -  1.30e-03 1.20e-03h  3
 382  1.9461526e+06 3.30e-01 1.03e+02  -1.0 2.00e+05    -  2.54e-03 1.06e-03h  3
 383  1.9511948e+06 3.29e-01 1.03e+02  -1.0 1.96e+05    -  2.61e-03 1.14e-03h  3
 384  1.9542561e+06 3.29e-01 1.03e+02  -1.0 1.90e+05    -  1.06e-03 6.95e-04h  4
 385  1.9570882e+06 3.29e-01 1.03e+02  -1.0 1.86e+05    -  2.55e-03 6.44e-04h  4
 386  1.9599526e+06 3.29e-01 1.03e+02  -1.0 1.78e+05    -  3.15e-04 6.52e-04h  4
 387  1.9653329e+06 3.28e-01 1.03e+02  -1.0 1.77e+05    -  3.63e-03 1.23e-03h  3
 388  1.9683820e+06 3.28e-01 1.02e+02  -1.0 1.75e+05    -  1.57e-03 6.99e-04h  4
 389  1.9956104e+06 3.26e-01 1.00e+02  -1.0 2.41e+05    -  2.22e-03 6.25e-03w  1
iter    objective    inf_pr   inf_du lg(mu)  ||d||  lg(rg) alpha_du alpha_pr  ls
 390  2.0047535e+06 3.25e-01 1.00e+02  -1.0 2.14e+05    -  3.13e-03 2.13e-03w  1
 391  2.0324392e+06 3.23e-01 9.79e+01  -1.0 2.09e+05    -  5.91e-04 6.47e-03w  1
 392  1.9717855e+06 3.28e-01 1.02e+02  -1.0 1.99e+05    -  2.22e-03 7.81e-04h  3
 393  1.9754179e+06 3.28e-01 1.02e+02  -1.0 2.14e+05    -  2.57e-03 8.36e-04h  4
 394  1.9788729e+06 3.27e-01 1.02e+02  -1.0 2.24e+05    -  6.31e-04 7.97e-04h  4
 395  1.9820923e+06 3.27e-01 1.02e+02  -1.0 2.21e+05    -  1.81e-03 7.43e-04h  4
 396  1.9853234e+06 3.27e-01 1.02e+02  -1.0 2.17e+05    -  1.73e-03 7.48e-04h  4
 397  1.9886811e+06 3.27e-01 1.02e+02  -1.0 2.14e+05    -  1.67e-03 7.79e-04h  4
 398  1.9922696e+06 3.26e-01 1.02e+02  -1.0 2.11e+05    -  3.27e-03 8.34e-04h  4
 399  1.9966838e+06 3.26e-01 1.02e+02  -1.0 2.07e+05    -  2.30e-03 1.03e-03h  4
iter    objective    inf_pr   inf_du lg(mu)  ||d||  lg(rg) alpha_du alpha_pr  ls
 400  2.0017834e+06 3.26e-01 1.01e+02  -1.0 2.03e+05    -  2.60e-03 1.19e-03h  4
 401  2.0065328e+06 3.25e-01 1.01e+02  -1.0 1.99e+05    -  1.95e-03 1.11e-03h  4
 402  2.0423619e+06 3.22e-01 9.79e+01  -1.0 1.95e+05    -  2.73e-03 8.42e-03w  1
 403  2.0586983e+06 3.21e-01 9.69e+01  -1.0 1.78e+05    -  2.88e-03 3.90e-03w  1
 404  2.0750363e+06 3.20e-01 9.60e+01  -1.0 1.63e+05    -  3.81e-03 3.93e-03w  1
 405  2.0110114e+06 3.25e-01 1.01e+02  -1.0 1.82e+05    -  2.73e-03 1.05e-03h  3
 406  2.0154579e+06 3.24e-01 1.01e+02  -1.0 1.90e+05    -  1.86e-03 1.05e-03h  4
 407  2.0198951e+06 3.24e-01 1.01e+02  -1.0 1.85e+05    -  2.71e-03 1.05e-03h  4
 408  2.0246340e+06 3.24e-01 1.01e+02  -1.0 2.03e+05    -  2.80e-03 1.12e-03h  4
 409  2.0298712e+06 3.23e-01 1.01e+02  -1.0 1.75e+05    -  2.82e-03 1.24e-03h  4
iter    objective    inf_pr   inf_du lg(mu)  ||d||  lg(rg) alpha_du alpha_pr  ls
 410  2.0354489e+06 3.23e-01 1.00e+02  -1.0 1.89e+05    -  1.29e-03 1.33e-03h  4
 411  2.0406985e+06 3.23e-01 1.00e+02  -1.0 2.23e+05    -  2.73e-03 1.25e-03h  4
 412  2.0459584e+06 3.22e-01 9.99e+01  -1.0 2.06e+05    -  3.49e-03 1.26e-03h  4
 413  2.0510098e+06 3.22e-01 9.98e+01  -1.0 2.06e+05    -  2.84e-03 1.21e-03h  4
 414  2.0558176e+06 3.21e-01 9.96e+01  -1.0 2.02e+05    -  2.31e-03 1.16e-03h  4
 415  2.0933521e+06 3.18e-01 9.56e+01  -1.0 1.99e+05    -  3.05e-03 9.05e-03w  1
 416  2.1156308e+06 3.17e-01 9.40e+01  -1.0 1.88e+05    -  4.47e-03 5.46e-03w  1
 417  2.1322439e+06 3.15e-01 9.30e+01  -1.0 1.81e+05    -  4.02e-03 4.11e-03w  1
 418  2.0605094e+06 3.21e-01 9.94e+01  -1.0 1.78e+05    -  3.05e-03 1.13e-03h  3
 419  2.0653768e+06 3.21e-01 9.93e+01  -1.0 1.96e+05    -  2.96e-03 1.18e-03h  4
iter    objective    inf_pr   inf_du lg(mu)  ||d||  lg(rg) alpha_du alpha_pr  ls
 420  2.0705799e+06 3.20e-01 9.91e+01  -1.0 1.93e+05    -  1.83e-03 1.26e-03h  4
 421  2.0759785e+06 3.20e-01 9.89e+01  -1.0 1.91e+05    -  2.30e-03 1.31e-03h  4
 422  2.0818102e+06 3.19e-01 9.87e+01  -1.0 1.89e+05    -  2.45e-03 1.42e-03h  4
 423  2.0877035e+06 3.19e-01 9.85e+01  -1.0 1.86e+05    -  3.11e-03 1.44e-03h  4
 424  2.0928990e+06 3.18e-01 9.83e+01  -1.0 1.90e+05    -  2.27e-03 1.27e-03h  4
 425  2.0975953e+06 3.18e-01 9.81e+01  -1.0 1.81e+05    -  3.01e-03 1.15e-03h  4
 426  2.1020522e+06 3.18e-01 9.80e+01  -1.0 1.79e+05    -  2.54e-03 1.10e-03h  4
 427  2.1064387e+06 3.17e-01 9.78e+01  -1.0 1.77e+05    -  2.28e-03 1.08e-03h  4
 428  2.1275891e+06 3.16e-01 9.63e+01  -1.0 1.77e+05    -  2.58e-04 5.21e-03w  1
 429  2.1373370e+06 3.15e-01 9.58e+01  -1.0 1.75e+05    -  4.99e-03 2.42e-03w  1
iter    objective    inf_pr   inf_du lg(mu)  ||d||  lg(rg) alpha_du alpha_pr  ls
 430  2.1557408e+06 3.14e-01 9.46e+01  -1.0 1.74e+05    -  1.94e-03 4.58e-03w  1
 431  2.1117263e+06 3.17e-01 9.76e+01  -1.0 3.11e+05    -  2.58e-04 1.30e-03h  2
 432  2.1154018e+06 3.17e-01 9.75e+01  -1.0 2.10e+05    -  3.49e-03 9.06e-04h  3
 433  2.1202693e+06 3.16e-01 9.73e+01  -1.0 1.92e+05    -  2.34e-03 1.20e-03h  3
 434  2.1263486e+06 3.16e-01 9.71e+01  -1.0 1.82e+05    -  1.05e-03 1.50e-03h  3
 435  2.1295943e+06 3.16e-01 9.70e+01  -1.0 3.19e+05    -  3.68e-04 8.00e-04h  4
 436  2.1355963e+06 3.15e-01 9.68e+01  -1.0 3.28e+05    -  7.86e-04 1.48e-03h  3
 437  2.1408748e+06 3.15e-01 9.66e+01  -1.0 3.33e+05    -  3.50e-03 1.30e-03h  3
 438  2.1470516e+06 3.14e-01 9.63e+01  -1.0 3.30e+05    -  2.27e-04 1.52e-03h  3
 439  2.1528970e+06 3.14e-01 9.61e+01  -1.0 3.36e+05    -  8.29e-04 1.43e-03h  3
iter    objective    inf_pr   inf_du lg(mu)  ||d||  lg(rg) alpha_du alpha_pr  ls
 440  2.1559639e+06 3.14e-01 9.60e+01  -1.0 3.46e+05    -  9.55e-04 7.46e-04h  4
 441  2.1832413e+06 3.11e-01 9.38e+01  -1.0 3.44e+05    -  1.02e-03 6.62e-03w  1
 442  2.2062997e+06 3.10e-01 9.21e+01  -1.0 3.35e+05    -  2.34e-03 5.61e-03w  1
 443  2.2134014e+06 3.09e-01 9.18e+01  -1.0 3.23e+05    -  1.76e-03 1.73e-03w  1
 444  2.1593735e+06 3.13e-01 9.59e+01  -1.0 3.26e+05    -  1.02e-03 8.28e-04h  3
 445  2.1631958e+06 3.13e-01 9.58e+01  -1.0 3.43e+05    -  8.20e-04 9.24e-04h  4
 446  2.1665284e+06 3.13e-01 9.57e+01  -1.0 3.41e+05    -  1.35e-03 8.05e-04h  4
 447  2.1713197e+06 3.12e-01 9.55e+01  -1.0 3.40e+05    -  1.05e-03 1.15e-03h  3
 448  2.1755055e+06 3.12e-01 9.54e+01  -1.0 3.38e+05    -  1.68e-03 1.01e-03h  3
 449  2.1796271e+06 3.12e-01 9.53e+01  -1.0 3.36e+05    -  2.34e-03 9.91e-04h  3
iter    objective    inf_pr   inf_du lg(mu)  ||d||  lg(rg) alpha_du alpha_pr  ls
 450  2.1840398e+06 3.11e-01 9.51e+01  -1.0 3.34e+05    -  4.48e-03 1.06e-03h  3
 451  2.1894837e+06 3.11e-01 9.49e+01  -1.0 3.31e+05    -  2.06e-03 1.31e-03h  3
 452  2.1926485e+06 3.11e-01 9.49e+01  -1.0 3.29e+05    -  2.25e-04 7.60e-04h  4
 453  2.1958171e+06 3.11e-01 9.48e+01  -1.0 3.28e+05    -  1.01e-03 7.61e-04h  4
 454  2.2239575e+06 3.08e-01 9.24e+01  -1.0 3.27e+05    -  1.08e-03 6.74e-03w  1
 455  2.2365252e+06 3.08e-01 9.18e+01  -1.0 3.22e+05    -  1.92e-03 3.03e-03w  1
 456  2.2489099e+06 3.07e-01 9.12e+01  -1.0 3.20e+05    -  1.44e-03 2.98e-03w  1
 457  2.1993347e+06 3.10e-01 9.47e+01  -1.0 3.18e+05    -  1.08e-03 8.42e-04h  3
 458  2.2032583e+06 3.10e-01 9.45e+01  -1.0 3.26e+05    -  1.01e-03 9.39e-04h  4
 459  2.2081219e+06 3.10e-01 9.44e+01  -1.0 3.25e+05    -  8.16e-04 1.16e-03h  3
iter    objective    inf_pr   inf_du lg(mu)  ||d||  lg(rg) alpha_du alpha_pr  ls
 460  2.2126895e+06 3.09e-01 9.42e+01  -1.0 3.24e+05    -  9.49e-04 1.09e-03h  3
 461  2.2172638e+06 3.09e-01 9.41e+01  -1.0 3.23e+05    -  1.64e-03 1.09e-03h  3
 462  2.2225568e+06 3.09e-01 9.39e+01  -1.0 3.23e+05    -  6.98e-04 1.26e-03h  3
 463  2.2281159e+06 3.08e-01 9.37e+01  -1.0 3.22e+05    -  1.20e-03 1.32e-03h  3
 464  2.2311270e+06 3.08e-01 9.36e+01  -1.0 3.21e+05    -  8.98e-04 7.11e-04h  4
 465  2.2341779e+06 3.08e-01 9.35e+01  -1.0 3.30e+05    -  1.85e-03 7.20e-04h  4
 466  2.2373350e+06 3.08e-01 9.35e+01  -1.0 3.25e+05    -  7.01e-04 7.42e-04h  4
 467  2.2625875e+06 3.06e-01 9.16e+01  -1.0 3.24e+05    -  7.42e-04 5.92e-03w  1
 468  2.2803659e+06 3.04e-01 9.06e+01  -1.0 3.15e+05    -  2.65e-03 4.18e-03w  1
 469  2.2923967e+06 3.04e-01 9.00e+01  -1.0 3.12e+05    -  1.72e-03 2.81e-03w  1
iter    objective    inf_pr   inf_du lg(mu)  ||d||  lg(rg) alpha_du alpha_pr  ls
 470  2.2404915e+06 3.07e-01 9.34e+01  -1.0 3.13e+05    -  7.42e-04 7.40e-04h  3
 471  2.2437095e+06 3.07e-01 9.33e+01  -1.0 3.22e+05    -  8.85e-04 7.53e-04h  4
 472  2.2470778e+06 3.07e-01 9.32e+01  -1.0 3.20e+05    -  1.58e-03 7.87e-04h  4
 473  2.2509138e+06 3.07e-01 9.31e+01  -1.0 3.18e+05    -  8.03e-04 8.92e-04h  4
 474  2.2549257e+06 3.06e-01 9.29e+01  -1.0 3.17e+05    -  8.45e-04 9.28e-04h  4
 475  2.2589250e+06 3.06e-01 9.28e+01  -1.0 3.18e+05    -  9.90e-04 9.18e-04h  4
 476  2.2628111e+06 3.06e-01 9.27e+01  -1.0 3.16e+05    -  9.17e-04 8.85e-04h  4
 477  2.2662713e+06 3.05e-01 9.26e+01  -1.0 3.21e+05    -  1.13e-03 7.84e-04h  4
 478  2.2697768e+06 3.05e-01 9.25e+01  -1.0 3.20e+05    -  9.20e-04 7.91e-04h  4
 479  2.2731673e+06 3.05e-01 9.24e+01  -1.0 3.19e+05    -  2.82e-03 7.66e-04h  4
iter    objective    inf_pr   inf_du lg(mu)  ||d||  lg(rg) alpha_du alpha_pr  ls
 480  2.3033634e+06 3.03e-01 9.01e+01  -1.0 3.18e+05    -  6.99e-04 6.81e-03w  1
 481  2.3215897e+06 3.02e-01 8.91e+01  -1.0 3.14e+05    -  2.63e-03 4.14e-03w  1
 482  2.3367150e+06 3.01e-01 8.84e+01  -1.0 3.11e+05    -  2.85e-03 3.44e-03w  1
 483  2.2769418e+06 3.05e-01 9.23e+01  -1.0 3.09e+05    -  6.99e-04 8.51e-04h  3
 484  2.2807148e+06 3.04e-01 9.22e+01  -1.0 3.18e+05    -  1.14e-03 8.50e-04h  4
 485  2.2837380e+06 3.04e-01 9.21e+01  -1.0 3.17e+05    -  1.08e-03 6.81e-04h  4
 486  2.2868330e+06 3.04e-01 9.21e+01  -1.0 3.17e+05    -  1.50e-03 6.97e-04h  4
 487  2.2901804e+06 3.04e-01 9.20e+01  -1.0 3.16e+05    -  1.12e-03 7.54e-04h  4
 488  2.2937490e+06 3.04e-01 9.19e+01  -1.0 3.15e+05    -  1.17e-03 8.04e-04h  4
 489  2.2975791e+06 3.03e-01 9.18e+01  -1.0 3.15e+05    -  2.75e-03 8.62e-04h  4
iter    objective    inf_pr   inf_du lg(mu)  ||d||  lg(rg) alpha_du alpha_pr  ls
 490  2.3014683e+06 3.03e-01 9.17e+01  -1.0 3.14e+05    -  5.03e-04 8.73e-04h  4
 491  2.3051612e+06 3.03e-01 9.16e+01  -1.0 3.16e+05    -  1.26e-03 8.28e-04h  4
 492  2.3088755e+06 3.03e-01 9.15e+01  -1.0 3.13e+05    -  5.94e-04 8.31e-04h  4
 493  2.3368445e+06 3.01e-01 8.95e+01  -1.0 3.15e+05    -  1.02e-03 6.25e-03w  1
 494  2.3514424e+06 3.00e-01 8.88e+01  -1.0 3.09e+05    -  2.34e-03 3.27e-03w  1
 495  2.3623526e+06 2.99e-01 8.84e+01  -1.0 3.07e+05    -  1.74e-03 2.44e-03w  1
 496  2.3123716e+06 3.02e-01 9.14e+01  -1.0 3.21e+05    -  1.02e-03 7.81e-04h  3
 497  2.3157719e+06 3.02e-01 9.13e+01  -1.0 3.13e+05    -  1.88e-03 7.58e-04h  4
 498  2.3193589e+06 3.02e-01 9.12e+01  -1.0 3.11e+05    -  5.64e-04 7.97e-04h  4
 499  2.3228964e+06 3.02e-01 9.11e+01  -1.0 3.11e+05    -  1.12e-03 7.86e-04h  4
iter    objective    inf_pr   inf_du lg(mu)  ||d||  lg(rg) alpha_du alpha_pr  ls
 500  2.3282537e+06 3.01e-01 9.09e+01  -1.0 3.30e+05    -  1.59e-03 1.19e-03h  3
 501  2.3326548e+06 3.01e-01 9.08e+01  -1.0 3.27e+05    -  6.04e-04 9.65e-04h  3
 502  2.3369207e+06 3.01e-01 9.07e+01  -1.0 3.67e+05    -  1.03e-03 9.31e-04h  3
 503  2.3416882e+06 3.00e-01 9.06e+01  -1.0 3.74e+05    -  8.75e-04 1.04e-03h  3
 504  2.3458779e+06 3.00e-01 9.04e+01  -1.0 3.67e+05    -  1.25e-03 9.05e-04h  3
 505  2.3497279e+06 3.00e-01 9.03e+01  -1.0 3.57e+05    -  9.03e-04 8.22e-04h  3
 506  2.3647098e+06 2.99e-01 8.97e+01  -1.0 3.48e+05    -  9.57e-04 3.16e-03w  1
 507  2.3791955e+06 2.98e-01 8.91e+01  -1.0 3.25e+05    -  1.72e-03 3.04e-03w  1
 508  2.3909561e+06 2.97e-01 8.87e+01  -1.0 3.18e+05    -  1.69e-03 2.46e-03w  1
 509  2.3534733e+06 3.00e-01 9.03e+01  -1.0 3.15e+05    -  9.57e-04 7.91e-04h  2
iter    objective    inf_pr   inf_du lg(mu)  ||d||  lg(rg) alpha_du alpha_pr  ls
 510  2.3574223e+06 2.99e-01 9.02e+01  -1.0 3.39e+05    -  1.20e-03 8.28e-04h  3
 511  2.3620419e+06 2.99e-01 9.00e+01  -1.0 3.30e+05    -  9.82e-04 9.63e-04h  3
 512  2.3645945e+06 2.99e-01 9.00e+01  -1.0 3.23e+05    -  9.65e-04 5.29e-04h  4
 513  2.3696561e+06 2.99e-01 8.98e+01  -1.0 3.24e+05    -  2.86e-03 1.05e-03h  3
 514  2.3723690e+06 2.98e-01 8.98e+01  -1.0 3.18e+05    -  3.38e-03 5.63e-04h  4
 515  2.3760116e+06 2.98e-01 8.97e+01  -1.0 3.17e+05    -  1.78e-03 7.55e-04h  4
 516  2.3802521e+06 2.98e-01 8.96e+01  -1.0 3.16e+05    -  1.18e-03 8.79e-04h  4
 517  2.3849197e+06 2.98e-01 8.95e+01  -1.0 3.15e+05    -  6.20e-04 9.64e-04h  4
 518  2.3897822e+06 2.97e-01 8.93e+01  -1.0 3.15e+05    -  2.20e-03 1.00e-03h  4
 519  2.4125214e+06 2.96e-01 8.81e+01  -1.0 3.31e+05    -  3.49e-04 4.68e-03w  1
iter    objective    inf_pr   inf_du lg(mu)  ||d||  lg(rg) alpha_du alpha_pr  ls
 520  2.4264295e+06 2.95e-01 8.76e+01  -1.0 3.10e+05    -  3.22e-03 2.87e-03w  1
 521  2.4467488e+06 2.94e-01 8.66e+01  -1.0 3.09e+05    -  7.95e-04 4.17e-03w  1
 522  2.3926246e+06 2.97e-01 8.93e+01  -1.0 3.32e+05    -  3.49e-04 5.85e-04h  3
 523  2.3976581e+06 2.97e-01 8.91e+01  -1.0 3.57e+05    -  2.70e-03 1.04e-03h  3
 524  2.4007289e+06 2.97e-01 8.91e+01  -1.0 3.34e+05    -  5.59e-04 6.28e-04h  4
 525  2.4058155e+06 2.96e-01 8.89e+01  -1.0 3.55e+05    -  1.29e-03 1.04e-03h  3
 526  2.4110726e+06 2.96e-01 8.88e+01  -1.0 3.44e+05    -  1.50e-03 1.07e-03h  3
 527  2.4141021e+06 2.96e-01 8.87e+01  -1.0 3.39e+05    -  9.99e-04 6.15e-04h  4
 528  2.4174895e+06 2.96e-01 8.87e+01  -1.0 3.33e+05    -  1.42e-03 6.85e-04h  4
 529  2.4208581e+06 2.95e-01 8.86e+01  -1.0 3.24e+05    -  1.53e-03 6.81e-04h  4
iter    objective    inf_pr   inf_du lg(mu)  ||d||  lg(rg) alpha_du alpha_pr  ls
 530  2.4242680e+06 2.95e-01 8.85e+01  -1.0 3.44e+05    -  4.19e-04 6.86e-04h  4
 531  2.4275514e+06 2.95e-01 8.84e+01  -1.0 3.59e+05    -  6.84e-04 6.60e-04h  4
 532  2.4537928e+06 2.94e-01 8.70e+01  -1.0 3.65e+05    -  1.06e-03 5.27e-03w  1
 533  2.4738605e+06 2.92e-01 8.61e+01  -1.0 3.48e+05    -  1.80e-03 4.03e-03w  1
 534  2.4837375e+06 2.92e-01 8.58e+01  -1.0 3.55e+05    -  1.89e-03 1.97e-03w  1
 535  2.4308315e+06 2.95e-01 8.84e+01  -1.0 3.51e+05    -  1.06e-03 6.58e-04h  3
 536  2.4342964e+06 2.95e-01 8.83e+01  -1.0 3.60e+05    -  1.35e-03 6.93e-04h  4
 537  2.4381435e+06 2.94e-01 8.82e+01  -1.0 3.57e+05    -  6.61e-04 7.65e-04h  4
 538  2.4421507e+06 2.94e-01 8.81e+01  -1.0 3.61e+05    -  1.01e-03 7.95e-04h  4
 539  2.4461056e+06 2.94e-01 8.80e+01  -1.0 3.58e+05    -  7.97e-04 7.80e-04h  4
iter    objective    inf_pr   inf_du lg(mu)  ||d||  lg(rg) alpha_du alpha_pr  ls
 540  2.4496570e+06 2.94e-01 8.79e+01  -1.0 3.56e+05    -  8.56e-04 6.97e-04h  4
 541  2.4529139e+06 2.94e-01 8.79e+01  -1.0 3.54e+05    -  9.16e-04 6.36e-04h  4
 542  2.4559711e+06 2.93e-01 8.78e+01  -1.0 3.52e+05    -  9.36e-04 5.95e-04h  4
 543  2.4589208e+06 2.93e-01 8.77e+01  -1.0 3.51e+05    -  1.32e-03 5.72e-04h  4
 544  2.4619297e+06 2.93e-01 8.77e+01  -1.0 3.48e+05    -  1.54e-03 5.82e-04h  4
 545  2.4878921e+06 2.92e-01 8.64e+01  -1.0 3.45e+05    -  1.15e-03 5.00e-03w  1
 546  2.5035668e+06 2.91e-01 8.58e+01  -1.0 3.26e+05    -  2.84e-03 3.03e-03w  1
 547  2.5216924e+06 2.90e-01 8.51e+01  -1.0 2.97e+05    -  4.43e-03 3.52e-03w  1
 548  2.4651750e+06 2.93e-01 8.76e+01  -1.0 2.87e+05    -  1.15e-03 6.25e-04h  3
 549  2.4686449e+06 2.93e-01 8.75e+01  -1.0 3.42e+05    -  1.20e-03 6.68e-04h  4
iter    objective    inf_pr   inf_du lg(mu)  ||d||  lg(rg) alpha_du alpha_pr  ls
 550  2.4723401e+06 2.93e-01 8.75e+01  -1.0 3.39e+05    -  2.87e-03 7.11e-04h  4
 551  2.4766844e+06 2.92e-01 8.74e+01  -1.0 3.32e+05    -  2.10e-03 8.35e-04h  4
 552  2.4814241e+06 2.92e-01 8.73e+01  -1.0 3.25e+05    -  1.74e-03 9.09e-04h  4
 553  2.4863822e+06 2.92e-01 8.71e+01  -1.0 3.19e+05    -  1.75e-03 9.50e-04h  4
 554  2.4890244e+06 2.92e-01 8.71e+01  -1.0 3.12e+05    -  2.48e-03 5.06e-04h  5
 555  2.4921072e+06 2.91e-01 8.70e+01  -1.0 3.07e+05    -  1.67e-03 5.90e-04h  5
 556  2.4953465e+06 2.91e-01 8.70e+01  -1.0 3.03e+05    -  1.58e-03 6.19e-04h  5
 557  2.4986908e+06 2.91e-01 8.69e+01  -1.0 3.00e+05    -  1.65e-03 6.38e-04h  5
 558  2.5544431e+06 2.88e-01 8.21e+01  -1.0 2.97e+05    -  1.64e-03 1.06e-02w  1
 559  2.5922255e+06 2.86e-01 8.44e+01  -1.0 2.81e+05    -  2.08e-03 7.27e-03w  1
iter    objective    inf_pr   inf_du lg(mu)  ||d||  lg(rg) alpha_du alpha_pr  ls
 560  2.6216397e+06 2.84e-01 9.02e+01  -1.0 2.74e+05    -  3.55e-03 5.70e-03w  1
 561  2.5021753e+06 2.91e-01 8.68e+01  -1.0 2.65e+05    -  1.64e-03 6.64e-04h  4
 562  2.5058299e+06 2.91e-01 8.67e+01  -1.0 2.94e+05    -  7.61e-04 6.96e-04h  5
 563  2.5095280e+06 2.90e-01 8.67e+01  -1.0 2.92e+05    -  1.86e-03 7.03e-04h  5
 564  2.5134875e+06 2.90e-01 8.66e+01  -1.0 2.89e+05    -  1.63e-03 7.52e-04h  5
 565  2.5176989e+06 2.90e-01 8.65e+01  -1.0 2.87e+05    -  2.02e-03 7.98e-04h  5
 566  2.5222282e+06 2.90e-01 8.64e+01  -1.0 2.84e+05    -  1.75e-03 8.57e-04h  5
 567  2.5270602e+06 2.89e-01 8.63e+01  -1.0 2.83e+05    -  1.60e-03 9.13e-04h  5
 568  2.5320951e+06 2.89e-01 8.62e+01  -1.0 2.82e+05    -  6.28e-04 9.50e-04h  5
 569  2.5370669e+06 2.89e-01 8.61e+01  -1.0 2.82e+05    -  1.06e-03 9.37e-04h  5
iter    objective    inf_pr   inf_du lg(mu)  ||d||  lg(rg) alpha_du alpha_pr  ls
 570  2.5417883e+06 2.89e-01 8.60e+01  -1.0 3.32e+05    -  1.17e-03 8.88e-04h  4
 571  2.5765934e+06 2.87e-01 8.40e+01  -1.0 3.30e+05    -  1.01e-03 6.54e-03w  1
 572  2.5949950e+06 2.86e-01 8.33e+01  -1.0 3.08e+05    -  3.95e-03 3.48e-03w  1
 573  2.6145730e+06 2.85e-01 8.25e+01  -1.0 3.16e+05    -  9.94e-04 3.69e-03w  1
 574  2.5461390e+06 2.88e-01 8.59e+01  -1.0 3.67e+05    -  1.01e-03 8.18e-04h  3
 575  2.5502821e+06 2.88e-01 8.58e+01  -1.0 3.25e+05    -  2.82e-03 7.79e-04h  4
 576  2.5546689e+06 2.88e-01 8.57e+01  -1.0 3.09e+05    -  1.15e-03 8.23e-04h  4
 577  2.5590700e+06 2.88e-01 8.56e+01  -1.0 3.33e+05    -  6.57e-04 8.24e-04h  4
 578  2.5624155e+06 2.88e-01 8.55e+01  -1.0 3.96e+05    -  1.78e-03 6.25e-04h  4
 579  2.5664039e+06 2.87e-01 8.54e+01  -1.0 3.79e+05    -  5.88e-04 7.42e-04h  4
iter    objective    inf_pr   inf_du lg(mu)  ||d||  lg(rg) alpha_du alpha_pr  ls
 580  2.5703902e+06 2.87e-01 8.54e+01  -1.0 3.75e+05    -  1.17e-03 7.41e-04h  4
 581  2.5741536e+06 2.87e-01 8.53e+01  -1.0 3.67e+05    -  8.33e-04 6.96e-04h  4
 582  2.5777528e+06 2.87e-01 8.52e+01  -1.0 3.59e+05    -  9.35e-04 6.64e-04h  4
 583  2.5812971e+06 2.87e-01 8.51e+01  -1.0 3.51e+05    -  9.90e-04 6.52e-04h  4
 584  2.6100173e+06 2.85e-01 8.38e+01  -1.0 3.43e+05    -  1.01e-03 5.27e-03w  1
 585  2.6321049e+06 2.84e-01 8.29e+01  -1.0 3.24e+05    -  2.93e-03 4.06e-03w  1
 586  2.6430382e+06 2.83e-01 8.26e+01  -1.0 3.21e+05    -  2.93e-03 2.01e-03w  1
 587  2.5848871e+06 2.86e-01 8.51e+01  -1.0 3.16e+05    -  1.01e-03 6.58e-04h  3
 588  2.5886021e+06 2.86e-01 8.50e+01  -1.0 3.34e+05    -  1.01e-03 6.80e-04h  4
 589  2.5925074e+06 2.86e-01 8.49e+01  -1.0 3.27e+05    -  2.94e-03 7.15e-04h  4
iter    objective    inf_pr   inf_du lg(mu)  ||d||  lg(rg) alpha_du alpha_pr  ls
 590  2.5974569e+06 2.86e-01 8.48e+01  -1.0 3.26e+05    -  1.43e-03 9.02e-04h  4
 591  2.6024389e+06 2.85e-01 8.47e+01  -1.0 3.26e+05    -  2.15e-03 9.06e-04h  4
 592  2.6072596e+06 2.85e-01 8.46e+01  -1.0 3.26e+05    -  2.14e-03 8.76e-04h  4
 593  2.6120421e+06 2.85e-01 8.45e+01  -1.0 3.26e+05    -  2.09e-03 8.68e-04h  4
 594  2.6169138e+06 2.85e-01 8.44e+01  -1.0 3.25e+05    -  1.76e-03 8.83e-04h  4
 595  2.6219305e+06 2.84e-01 8.43e+01  -1.0 3.24e+05    -  1.99e-03 9.08e-04h  4
 596  2.6273047e+06 2.84e-01 8.42e+01  -1.0 3.23e+05    -  2.10e-03 9.73e-04h  4
 597  2.6748005e+06 2.82e-01 8.11e+01  -1.0 3.20e+05    -  2.20e-03 8.60e-03w  1
 598  2.6996103e+06 2.80e-01 8.00e+01  -1.0 2.95e+05    -  1.67e-03 4.52e-03w  1
 599  2.7295725e+06 2.79e-01 7.87e+01  -1.0 2.76e+05    -  4.98e-03 5.47e-03w  1
iter    objective    inf_pr   inf_du lg(mu)  ||d||  lg(rg) alpha_du alpha_pr  ls
 600  2.6302732e+06 2.84e-01 8.41e+01  -1.0 2.62e+05    -  2.20e-03 5.37e-04h  4
 601  2.6336562e+06 2.84e-01 8.41e+01  -1.0 3.18e+05    -  5.78e-04 6.11e-04h  5
 602  2.6369623e+06 2.84e-01 8.40e+01  -1.0 3.17e+05    -  2.04e-03 5.97e-04h  5
 603  2.6403867e+06 2.83e-01 8.40e+01  -1.0 3.15e+05    -  1.75e-03 6.17e-04h  5
 604  2.6439490e+06 2.83e-01 8.39e+01  -1.0 3.12e+05    -  1.52e-03 6.40e-04h  5
 605  2.6476557e+06 2.83e-01 8.38e+01  -1.0 3.10e+05    -  1.69e-03 6.65e-04h  5
 606  2.6515724e+06 2.83e-01 8.37e+01  -1.0 3.07e+05    -  1.72e-03 7.02e-04h  5
 607  2.6557437e+06 2.83e-01 8.37e+01  -1.0 3.04e+05    -  1.80e-03 7.47e-04h  5
 608  2.6602211e+06 2.82e-01 8.36e+01  -1.0 3.02e+05    -  1.55e-03 8.01e-04h  5
 609  2.6649391e+06 2.82e-01 8.35e+01  -1.0 2.99e+05    -  1.79e-03 8.44e-04h  5
iter    objective    inf_pr   inf_du lg(mu)  ||d||  lg(rg) alpha_du alpha_pr  ls
 610  2.7399055e+06 2.78e-01 8.84e+01  -1.0 2.96e+05    -  1.68e-03 1.34e-02w  1
 611  2.7847929e+06 2.76e-01 9.98e+01  -1.0 2.42e+05    -  5.34e-03 8.14e-03w  1
 612  2.8156585e+06 2.75e-01 1.05e+02  -1.0 2.35e+05    -  4.65e-03 5.62e-03w  1
 613  2.6696245e+06 2.82e-01 8.34e+01  -1.0 2.30e+05    -  1.68e-03 8.38e-04h  4
 614  2.6739428e+06 2.82e-01 8.33e+01  -1.0 2.93e+05    -  2.09e-03 7.72e-04h  5
 615  2.6779319e+06 2.82e-01 8.32e+01  -1.0 2.89e+05    -  2.07e-03 7.13e-04h  5
 616  2.6816382e+06 2.81e-01 8.32e+01  -1.0 2.85e+05    -  1.47e-03 6.62e-04h  5
 617  2.6851184e+06 2.81e-01 8.31e+01  -1.0 2.81e+05    -  1.64e-03 6.21e-04h  5
 618  2.6884252e+06 2.81e-01 8.30e+01  -1.0 2.77e+05    -  1.90e-03 5.89e-04h  5
 619  2.6916473e+06 2.81e-01 8.30e+01  -1.0 2.72e+05    -  1.47e-03 5.74e-04h  5
iter    objective    inf_pr   inf_du lg(mu)  ||d||  lg(rg) alpha_du alpha_pr  ls
 620  2.6948650e+06 2.81e-01 8.29e+01  -1.0 2.68e+05    -  1.78e-03 5.73e-04h  5
 621  2.6981956e+06 2.81e-01 8.29e+01  -1.0 2.64e+05    -  1.36e-03 5.93e-04h  5
 622  2.7016484e+06 2.80e-01 8.28e+01  -1.0 2.61e+05    -  1.79e-03 6.14e-04h  5
 623  2.7608142e+06 2.77e-01 7.84e+01  -1.0 2.58e+05    -  1.59e-03 1.05e-02w  1
 624  2.8206741e+06 2.74e-01 9.58e+01  -1.0 2.58e+05    -  1.96e-03 1.07e-02w  1
 625  2.8439477e+06 2.73e-01 9.86e+01  -1.0 2.32e+05    -  6.70e-03 4.22e-03w  1
 626  2.7053462e+06 2.80e-01 8.27e+01  -1.0 2.29e+05    -  1.59e-03 6.58e-04h  4
 627  2.7092993e+06 2.80e-01 8.27e+01  -1.0 2.55e+05    -  4.19e-04 7.02e-04h  5
 628  2.7132653e+06 2.80e-01 8.26e+01  -1.0 2.75e+05    -  1.97e-03 7.05e-04h  5
 629  2.7172237e+06 2.80e-01 8.25e+01  -1.0 2.65e+05    -  1.80e-03 7.03e-04h  5
iter    objective    inf_pr   inf_du lg(mu)  ||d||  lg(rg) alpha_du alpha_pr  ls
 630  2.7210824e+06 2.79e-01 8.24e+01  -1.0 2.65e+05    -  1.83e-03 6.85e-04h  5
 631  2.7249399e+06 2.79e-01 8.24e+01  -1.0 2.62e+05    -  1.54e-03 6.85e-04h  5
 632  2.7288084e+06 2.79e-01 8.23e+01  -1.0 2.58e+05    -  1.76e-03 6.87e-04h  5
 633  2.7327549e+06 2.79e-01 8.22e+01  -1.0 2.55e+05    -  3.28e-03 7.01e-04h  5
 634  2.7370440e+06 2.79e-01 8.21e+01  -1.0 2.49e+05    -  1.34e-03 7.62e-04h  5
 635  2.7414406e+06 2.78e-01 8.21e+01  -1.0 2.46e+05    -  1.60e-03 7.81e-04h  5
 636  2.8147378e+06 2.75e-01 8.65e+01  -1.0 2.43e+05    -  1.94e-03 1.30e-02w  1
 637  2.8823554e+06 2.71e-01 1.12e+02  -1.0 2.34e+05    -  5.51e-03 1.22e-02w  1
 638  3.0089333e+06 2.65e-01 2.04e+02  -1.0 2.28e+05    -  5.70e-03 2.31e-02w  1
 639  2.7460216e+06 2.78e-01 8.20e+01  -1.0 2.17e+05    -  1.94e-03 8.14e-04h  4
iter    objective    inf_pr   inf_du lg(mu)  ||d||  lg(rg) alpha_du alpha_pr  ls
 640  2.7508907e+06 2.78e-01 8.19e+01  -1.0 2.40e+05    -  1.65e-03 8.65e-04h  5
 641  2.7560211e+06 2.78e-01 8.18e+01  -1.0 2.40e+05    -  3.49e-03 9.12e-04h  5
 642  2.7589446e+06 2.78e-01 8.17e+01  -1.0 2.39e+05    -  1.64e-03 5.20e-04h  6
 643  2.7620537e+06 2.77e-01 8.17e+01  -1.0 2.38e+05    -  1.94e-03 5.53e-04h  6
 644  2.7653943e+06 2.77e-01 8.16e+01  -1.0 2.38e+05    -  1.36e-03 5.94e-04h  6
 645  2.7688980e+06 2.77e-01 8.15e+01  -1.0 2.38e+05    -  3.83e-03 6.23e-04h  6
 646  2.7729079e+06 2.77e-01 8.15e+01  -1.0 2.37e+05    -  1.41e-03 7.14e-04h  6
 647  2.7771025e+06 2.77e-01 8.14e+01  -1.0 2.37e+05    -  1.41e-03 7.47e-04h  6
 648  2.7814840e+06 2.76e-01 8.13e+01  -1.0 2.36e+05    -  5.50e-03 7.80e-04h  6
 649  2.9469396e+06 2.68e-01 2.16e+02  -1.0 2.36e+05    -  1.31e-03 2.95e-02w  1
iter    objective    inf_pr   inf_du lg(mu)  ||d||  lg(rg) alpha_du alpha_pr  ls
 650  3.0168057e+06 2.65e-01 2.46e+02  -1.0 2.23e+05    -  9.11e-03 1.29e-02w  1
 651  3.0999134e+06 2.61e-01 2.90e+02  -1.0 2.17e+05    -  5.03e-03 1.55e-02w  1
 652  2.7866544e+06 2.76e-01 8.12e+01  -1.0 2.13e+05    -  1.31e-03 9.21e-04h  5
 653  2.7893330e+06 2.76e-01 8.12e+01  -1.0 2.35e+05    -  1.48e-03 4.77e-04h  7
 654  2.7921212e+06 2.76e-01 8.11e+01  -1.0 2.35e+05    -  1.90e-03 4.97e-04h  7
 655  2.7950524e+06 2.76e-01 8.11e+01  -1.0 2.35e+05    -  3.93e-03 5.23e-04h  7
 656  2.7980640e+06 2.76e-01 8.10e+01  -1.0 2.34e+05    -  1.06e-03 5.37e-04h  7
 657  2.8010489e+06 2.75e-01 8.10e+01  -1.0 2.34e+05    -  1.38e-03 5.32e-04h  7
 658  2.8040134e+06 2.75e-01 8.09e+01  -1.0 2.34e+05    -  5.42e-03 5.29e-04h  7
 659  2.8070154e+06 2.75e-01 8.09e+01  -1.0 2.33e+05    -  1.55e-03 5.36e-04h  7
iter    objective    inf_pr   inf_du lg(mu)  ||d||  lg(rg) alpha_du alpha_pr  ls
 660  2.8100120e+06 2.75e-01 8.08e+01  -1.0 2.33e+05    -  1.50e-03 5.35e-04h  7
 661  2.8130067e+06 2.75e-01 8.07e+01  -1.0 2.33e+05    -  4.45e-03 5.34e-04h  7
 662  3.0088091e+06 2.96e-01 2.89e+02  -1.0 2.32e+05    -  2.01e-03 3.50e-02w  1
 663  3.0981147e+06 4.38e-01 3.38e+02  -1.0 2.17e+05    -  1.58e-02 1.66e-02w  1
 664  3.1948343e+06 6.16e-01 3.96e+02  -1.0 2.13e+05    -  1.34e-02 1.84e-02w  1
 665  2.8160661e+06 2.75e-01 8.07e+01  -1.0 2.08e+05    -  2.01e-03 5.46e-04h  6
 666  2.8191451e+06 2.75e-01 8.06e+01  -1.0 2.32e+05    -  3.16e-03 5.50e-04h  7
 667  2.8222787e+06 2.74e-01 8.06e+01  -1.0 2.31e+05    -  6.28e-03 5.60e-04h  7
 668  2.8265217e+06 2.74e-01 8.05e+01  -1.0 2.31e+05    -  4.10e-03 7.59e-04h  6
 669  2.8299071e+06 2.74e-01 8.04e+01  -1.0 2.30e+05    -  7.15e-03 6.06e-04h  7
iter    objective    inf_pr   inf_du lg(mu)  ||d||  lg(rg) alpha_du alpha_pr  ls
 670  2.8330420e+06 2.74e-01 8.04e+01  -1.0 2.29e+05    -  3.34e-03 5.61e-04h  7
 671  2.8359691e+06 2.74e-01 8.03e+01  -1.0 2.29e+05    -  3.21e-03 5.24e-04h  7
 672  2.8387250e+06 2.74e-01 8.03e+01  -1.0 2.28e+05    -  2.63e-04 4.93e-04h  7
 673  2.8421044e+06 2.73e-01 8.02e+01  -1.0 2.28e+05    -  6.76e-04 6.04e-04h  7
 674  2.8459328e+06 2.73e-01 8.02e+01  -1.0 2.28e+05    -  2.07e-03 6.84e-04h  7
 675  3.0946963e+06 8.66e-01 4.44e+02  -1.0 2.27e+05    -  1.58e-03 4.45e-02w  1
 676  3.1925254e+06 1.04e+00 5.00e+02  -1.0 2.13e+05    -  7.26e-03 1.84e-02w  1
 677  3.4627020e+06 2.74e+00 9.63e+02  -1.0 2.08e+05    -  3.93e-03 5.19e-02w  1
 678  2.8498197e+06 2.73e-01 8.01e+01  -1.0 1.95e+05    -  1.58e-03 6.95e-04h  6
 679  2.8537471e+06 2.73e-01 8.00e+01  -1.0 2.27e+05    -  5.74e-03 7.03e-04h  7
iter    objective    inf_pr   inf_du lg(mu)  ||d||  lg(rg) alpha_du alpha_pr  ls
 680  2.8577671e+06 2.73e-01 8.00e+01  -1.0 2.26e+05    -  2.82e-04 7.19e-04h  7
 681  2.8617545e+06 2.73e-01 7.99e+01  -1.0 2.26e+05    -  1.37e-03 7.13e-04h  7
 682  2.8657424e+06 2.72e-01 7.98e+01  -1.0 2.26e+05    -  2.99e-03 7.12e-04h  7
 683  2.8697678e+06 2.72e-01 7.97e+01  -1.0 2.25e+05    -  1.43e-03 7.20e-04h  7
 684  2.8737946e+06 2.72e-01 7.97e+01  -1.0 2.25e+05    -  6.91e-03 7.20e-04h  7
 685  2.8765202e+06 2.72e-01 7.96e+01  -1.0 2.24e+05    -  3.36e-03 4.88e-04h  7
 686  2.8807912e+06 2.72e-01 7.95e+01  -1.0 2.24e+05    -  2.37e-03 7.65e-04h  7
 687  2.8850959e+06 2.71e-01 7.95e+01  -1.0 2.23e+05    -  1.32e-03 7.70e-04h  7
 688  3.1622540e+06 1.20e+00 5.37e+02  -1.0 2.23e+05    -  8.95e-04 4.96e-02w  1
 689  3.2371936e+06 1.28e+00 5.66e+02  -1.0 2.10e+05    -  1.25e-02 1.42e-02w  1
iter    objective    inf_pr   inf_du lg(mu)  ||d||  lg(rg) alpha_du alpha_pr  ls
 690  3.5147242e+06 3.03e+00 1.05e+03  -1.0 2.06e+05    -  3.32e-03 5.35e-02w  1
 691  2.8894265e+06 2.71e-01 7.94e+01  -1.0 2.58e+06    -  8.95e-04 7.75e-04h  6
 692  2.8937592e+06 2.71e-01 7.93e+01  -1.0 2.23e+05    -  3.55e-03 7.74e-04h  7
 693  2.8981814e+06 2.71e-01 7.92e+01  -1.0 2.23e+05    -  1.60e-03 7.91e-04h  7
 694  2.9026274e+06 2.71e-01 7.91e+01  -1.0 2.22e+05    -  5.11e-03 7.96e-04h  7
 695  2.9062295e+06 2.70e-01 7.91e+01  -1.0 2.22e+05    -  1.06e-03 6.45e-04h  7
 696  2.9105990e+06 2.70e-01 7.90e+01  -1.0 2.22e+05    -  3.16e-03 7.83e-04h  7
 697  2.9150012e+06 2.70e-01 7.89e+01  -1.0 2.22e+05    -  3.64e-04 7.90e-04h  7
 698  2.9193487e+06 2.70e-01 7.88e+01  -1.0 1.31e+06    -  1.65e-04 7.81e-04h  7
 699  2.9197034e+06 2.70e-01 7.88e+01  -1.0 5.83e+08    -  1.98e-06 6.30e-05h 10
iter    objective    inf_pr   inf_du lg(mu)  ||d||  lg(rg) alpha_du alpha_pr  ls
 700r 2.9197034e+06 2.70e-01 9.99e+02   0.7 0.00e+00    -  0.00e+00 3.39e-07R  9
 701r 2.9219176e+06 2.56e-01 9.64e+02   0.7 1.94e+05    -  3.53e-02 9.90e-04f  1
 702  2.8680897e+06 2.56e-01 2.37e+02  -1.0 2.15e+07    -  1.29e-02 2.23e-04f  4
 703  2.8282675e+06 2.55e-01 2.35e+02  -1.0 2.99e+06    -  7.22e-03 7.09e-04f  5
 704  2.7880856e+06 2.55e-01 2.34e+02  -1.0 1.94e+06    -  7.83e-03 1.04e-03f  5
 705  2.7682531e+06 2.55e-01 2.32e+02  -1.0 1.38e+06    -  8.49e-03 6.91e-04f  6
 706  2.7530280e+06 2.55e-01 2.31e+02  -1.0 1.04e+06    -  4.22e-03 6.83e-04f  6
 707  2.4139445e+06 3.61e+00 2.30e+02  -1.0 9.24e+05    -  3.86e-03 1.69e-02f  1
 708  2.2502077e+06 4.73e+00 2.27e+02  -1.0 8.33e+05    -  1.17e-02 9.34e-03f  1
 709  2.0603250e+06 6.33e+00 2.25e+02  -1.0 5.93e+05    -  7.74e-03 1.64e-02f  1
iter    objective    inf_pr   inf_du lg(mu)  ||d||  lg(rg) alpha_du alpha_pr  ls
 710  2.0101297e+06 6.25e+00 2.24e+02  -1.0 1.59e+06    -  3.09e-03 5.70e-03f  1
 711  1.9870166e+06 6.12e+00 2.23e+02  -1.0 1.09e+06  -8.1 5.97e-03 3.52e-03f  1
 712  2.0536220e+06 5.89e+00 2.12e+02  -1.0 1.29e+03  -2.2 4.75e-02 6.43e-02h  1
 713  2.1042883e+06 5.58e+00 2.01e+02  -1.0 1.22e+03  -2.7 5.14e-02 5.36e-02h  1
 714  2.1513185e+06 5.24e+00 1.94e+02  -1.0 1.18e+03  -3.2 3.44e-02 5.58e-02h  1
 715  2.1770216e+06 5.02e+00 1.87e+02  -1.0 1.17e+03  -3.6 3.74e-02 3.43e-02h  1
 716  2.2015256e+06 4.79e+00 1.80e+02  -1.0 1.28e+03  -4.1 3.68e-02 3.58e-02h  1
 717  2.2267177e+06 4.54e+00 1.72e+02  -1.0 1.67e+03  -4.6 4.25e-02 3.95e-02h  1
 718  2.2514829e+06 4.28e+00 1.67e+02  -1.0 2.82e+03  -5.1 2.69e-02 4.19e-02h  1
 719  2.2664867e+06 4.09e+00 1.61e+02  -1.0 6.02e+03  -5.6 3.90e-02 2.96e-02h  1
iter    objective    inf_pr   inf_du lg(mu)  ||d||  lg(rg) alpha_du alpha_pr  ls
 720  2.2771878e+06 3.85e+00 1.55e+02  -1.0 1.53e+04  -6.0 3.88e-02 3.81e-02h  1
 721  2.2700035e+06 3.58e+00 1.48e+02  -1.0 4.09e+04  -6.5 4.13e-02 4.15e-02f  1
 722  2.2435806e+06 3.64e+00 1.43e+02  -1.0 1.15e+05  -7.0 3.90e-02 3.47e-02f  1
 723  2.2403800e+06 3.46e+00 1.42e+02  -1.0 6.05e+05  -7.5 7.14e-03 5.16e-03f  1
 724  2.2402041e+06 3.42e+00 1.39e+02  -1.0 7.02e+07    -  1.75e-02 3.72e-04f  1
 725  2.2407456e+06 6.25e+00 1.35e+02  -1.0 5.67e+04    -  2.67e-02 1.79e-02f  1
 726  2.2550784e+06 2.89e+00 1.33e+02  -1.0 1.66e+04    -  2.09e-02 4.56e-02h  1
 727  2.2687010e+06 2.72e+00 1.26e+02  -1.0 5.94e+03    -  4.64e-02 3.02e-02h  1
 728  2.2929627e+06 2.64e+00 1.22e+02  -1.0 3.14e+03    -  3.24e-02 4.98e-02h  1
 729  2.3125449e+06 2.57e+00 1.18e+02  -1.0 1.88e+03    -  3.15e-02 4.01e-02h  1
iter    objective    inf_pr   inf_du lg(mu)  ||d||  lg(rg) alpha_du alpha_pr  ls
 730  2.3282757e+06 2.49e+00 1.13e+02  -1.0 1.32e+03    -  4.59e-02 3.27e-02h  1
 731  2.3499218e+06 2.36e+00 1.09e+02  -1.0 9.67e+02    -  3.85e-02 4.56e-02h  1
 732  2.3664558e+06 2.26e+00 1.05e+02  -1.0 7.17e+02    -  2.91e-02 3.60e-02h  1
 733  2.3820989e+06 2.14e+00 1.02e+02  -1.0 5.85e+02    -  3.39e-02 3.49e-02h  1
 734  2.3983379e+06 2.01e+00 9.78e+01  -1.0 4.84e+02    -  3.95e-02 3.73e-02h  1
 735  2.4119512e+06 1.87e+00 9.44e+01  -1.0 3.99e+02    -  3.52e-02 3.23e-02h  1
 736  2.4302600e+06 1.68e+00 9.08e+01  -1.0 3.43e+02    -  3.75e-02 4.46e-02h  1
 737  2.4460528e+06 1.50e+00 8.75e+01  -1.0 2.87e+02    -  3.64e-02 4.01e-02h  1
 738  2.4605342e+06 1.33e+00 8.32e+01  -1.0 2.47e+02    -  4.97e-02 3.81e-02h  1
 739  2.4752828e+06 1.14e+00 8.02e+01  -1.0 2.12e+02    -  3.57e-02 4.02e-02h  1
iter    objective    inf_pr   inf_du lg(mu)  ||d||  lg(rg) alpha_du alpha_pr  ls
 740  2.4901854e+06 9.34e-01 7.75e+01  -1.0 2.05e+02    -  3.39e-02 4.21e-02h  1
 741  2.5036360e+06 7.46e-01 7.32e+01  -1.0 2.12e+02    -  5.62e-02 3.93e-02h  1
 742  2.5201763e+06 5.03e-01 7.10e+01  -1.0 2.25e+02    -  2.87e-02 4.98e-02h  1
 743  2.5338796e+06 2.95e-01 6.82e+01  -1.0 2.31e+02    -  3.85e-02 4.30e-02h  1
 744  2.5452248e+06 1.16e-01 6.54e+01  -1.0 2.40e+02    -  4.20e-02 3.70e-02h  1
 745  2.5558458e+06 6.49e-02 6.19e+01  -1.0 2.50e+02    -  5.45e-02 3.59e-02h  1
 746  2.5711036e+06 6.15e-02 6.03e+01  -1.0 2.64e+02    -  2.37e-02 5.32e-02h  1
 747  2.5876035e+06 5.78e-02 5.81e+01  -1.0 2.70e+02    -  3.44e-02 6.04e-02h  1
 748  2.5950723e+06 5.61e-02 5.60e+01  -1.0 2.79e+02    -  3.69e-02 2.90e-02h  1
 749  2.6046383e+06 5.39e-02 5.38e+01  -1.0 2.90e+02    -  3.99e-02 3.81e-02h  1
iter    objective    inf_pr   inf_du lg(mu)  ||d||  lg(rg) alpha_du alpha_pr  ls
 750  2.6140071e+06 5.19e-02 5.22e+01  -1.0 3.01e+02    -  2.75e-02 3.88e-02h  1
 751  2.6211861e+06 5.03e-02 4.99e+01  -1.0 3.09e+02    -  4.76e-02 3.06e-02h  1
 752  2.6303224e+06 4.83e-02 4.78e+01  -1.0 3.24e+02    -  4.55e-02 3.99e-02h  1
 753  2.6417238e+06 4.58e-02 4.56e+01  -1.0 3.39e+02    -  3.39e-02 5.15e-02h  1
 754  2.6502498e+06 4.39e-02 4.38e+01  -1.0 3.50e+02    -  4.26e-02 4.05e-02h  1
 755  2.6585618e+06 4.21e-02 4.20e+01  -1.0 3.65e+02    -  4.16e-02 4.07e-02h  1
 756  2.6666671e+06 4.04e-02 4.02e+01  -1.0 3.80e+02    -  4.38e-02 4.12e-02h  1
 757  2.6749786e+06 3.86e-02 3.85e+01  -1.0 3.96e+02    -  4.19e-02 4.37e-02h  1
 758  2.6844337e+06 3.66e-02 3.65e+01  -1.0 4.12e+02    -  4.07e-02 5.19e-02h  1
 759  2.6910758e+06 3.52e-02 3.51e+01  -1.0 4.28e+02    -  3.46e-02 3.83e-02h  1
iter    objective    inf_pr   inf_du lg(mu)  ||d||  lg(rg) alpha_du alpha_pr  ls
 760  2.6988755e+06 3.36e-02 3.35e+01  -1.0 4.42e+02    -  3.88e-02 4.65e-02h  1
 761  2.7061314e+06 3.21e-02 3.20e+01  -1.0 4.59e+02    -  3.88e-02 4.51e-02h  1
 762  2.7113873e+06 3.10e-02 3.09e+01  -1.0 4.75e+02    -  5.35e-02 3.42e-02h  1
 763  2.7182783e+06 2.95e-02 2.95e+01  -1.0 5.00e+02    -  2.28e-02 4.63e-02h  1
 764  2.7225776e+06 2.87e-02 2.86e+01  -1.0 5.10e+02    -  3.40e-02 3.00e-02h  1
 765  2.7278564e+06 2.76e-02 2.75e+01  -1.0 5.27e+02    -  5.39e-02 3.72e-02h  1
 766  2.7344106e+06 2.63e-02 2.62e+01  -1.0 5.55e+02    -  2.72e-02 4.78e-02h  1
 767  2.7389658e+06 2.54e-02 2.53e+01  -1.0 5.68e+02    -  3.76e-02 3.46e-02h  1
 768  2.7434604e+06 2.45e-02 2.44e+01  -1.0 5.88e+02    -  6.68e-02 3.52e-02h  1
 769  2.7533543e+06 2.25e-02 2.25e+01  -1.0 6.27e+02    -  2.12e-02 7.90e-02h  1
iter    objective    inf_pr   inf_du lg(mu)  ||d||  lg(rg) alpha_du alpha_pr  ls
 770  2.7564217e+06 2.19e-02 2.19e+01  -1.0 6.37e+02    -  4.62e-02 2.65e-02h  1
 771  2.7611934e+06 2.10e-02 2.10e+01  -1.0 6.65e+02    -  3.70e-02 4.21e-02h  1
 772  2.7659966e+06 2.01e-02 2.00e+01  -1.0 6.87e+02    -  4.77e-02 4.43e-02h  1
 773  2.7712837e+06 1.91e-02 1.90e+01  -1.0 7.17e+02    -  4.15e-02 5.03e-02h  1
 774  2.7760021e+06 1.82e-02 1.81e+01  -1.0 7.44e+02    -  2.96e-02 4.67e-02h  1
 775  2.7790041e+06 1.76e-02 1.76e+01  -1.0 7.63e+02    -  4.28e-02 3.12e-02h  1
 776  2.7830921e+06 1.68e-02 1.68e+01  -1.0 7.93e+02    -  4.28e-02 4.36e-02h  1
 777  2.7870131e+06 1.61e-02 1.61e+01  -1.0 8.23e+02    -  4.31e-02 4.26e-02h  1
 778  2.7919519e+06 1.52e-02 1.52e+01  -1.0 8.54e+02    -  4.73e-02 5.47e-02h  1
 779  2.7960644e+06 1.45e-02 1.45e+01  -1.0 8.90e+02    -  3.07e-01 4.72e-02h  1
iter    objective    inf_pr   inf_du lg(mu)  ||d||  lg(rg) alpha_du alpha_pr  ls
 780  2.8326110e+06 8.57e-03 1.21e+01  -1.0 1.24e+03    -  5.08e-01 4.10e-01h  1
 781  2.8806043e+06 2.38e-03 9.44e+00  -1.0 2.16e+03    -  5.36e-01 7.23e-01h  1
 782  2.9052337e+06 5.76e-04 2.70e+01  -1.0 3.22e+03    -  5.79e-01 7.58e-01h  1
 783  2.9144980e+06 2.23e-04 3.62e+01  -1.0 3.73e+03    -  5.66e-01 6.12e-01h  1
 784  2.9217273e+06 1.99e-05 7.32e+00  -1.0 4.63e+03    -  9.16e-01 9.11e-01h  1
 785  2.9234178e+06 1.66e-07 1.13e+04  -1.0 1.21e+04    -  2.60e-01 9.92e-01h  1
 786  2.9235849e+06 7.23e-13 2.38e+05  -1.0 6.16e+03    -  8.46e-01 1.00e+00f  1
 787  2.9236421e+06 5.54e-13 2.39e-01  -1.0 8.03e+03    -  1.00e+00 1.00e+00h  1
 788  2.8436766e+06 1.06e-02 4.39e+04  -2.5 1.75e+04    -  8.47e-01 8.42e-01f  1
 789  2.8330648e+06 8.74e-02 1.85e+05  -2.5 7.27e+03    -  1.00e+00 8.68e-01f  1
iter    objective    inf_pr   inf_du lg(mu)  ||d||  lg(rg) alpha_du alpha_pr  ls
 790  2.8322134e+06 3.38e-13 1.20e-02  -2.5 1.27e+03    -  1.00e+00 1.00e+00f  1
 791  2.8322583e+06 3.98e-13 4.83e-05  -2.5 2.04e+01    -  1.00e+00 1.00e+00h  1
 792  2.8304686e+06 1.75e-03 1.70e+04  -3.8 7.88e+02    -  7.92e-01 8.62e-01f  1
 793  2.8303586e+06 2.56e-03 1.06e+04  -3.8 1.07e+02    -  7.80e-01 9.86e-01f  1
 794  2.8303647e+06 4.49e-13 1.51e-03  -3.8 1.75e+01    -  1.00e+00 1.00e+00h  1
 795  2.8303637e+06 2.82e-13 3.85e-05  -3.8 2.98e+00    -  1.00e+00 1.00e+00h  1
 796  2.8302944e+06 3.09e-04 4.09e+01  -5.7 3.31e+01    -  8.01e-01 8.04e-01f  1
 797  2.8302848e+06 1.95e-04 1.37e+02  -5.7 2.36e+00    -  6.69e-01 7.16e-01f  1
 798  2.8302822e+06 1.82e-04 3.27e+01  -5.7 8.53e-01    -  8.17e-01 7.40e-01h  1
 799  2.8302813e+06 8.12e-13 2.56e-05  -5.7 4.48e-01    -  1.00e+00 1.00e+00h  1
iter    objective    inf_pr   inf_du lg(mu)  ||d||  lg(rg) alpha_du alpha_pr  ls
 800  2.8302813e+06 4.73e-13 4.00e-06  -5.7 1.83e-01    -  1.00e+00 1.00e+00h  1
 801  2.8302813e+06 3.61e-13 6.85e-09  -5.7 7.35e-03    -  1.00e+00 1.00e+00h  1
 802  2.8302806e+06 1.09e-05 2.98e+00  -8.6 5.18e-01    -  8.35e-01 8.17e-01f  1
 803  2.8302805e+06 3.27e-06 2.82e+00  -8.6 6.16e-01    -  7.81e-01 7.11e-01h  1
 804  2.8302804e+06 7.01e-04 3.75e-01  -8.6 6.03e-01    -  8.85e-01 9.64e-01h  1
 805  2.8302804e+06 2.13e-07 6.02e-09  -8.6 3.09e-01    -  1.00e+00 1.00e+00h  1
 806  2.8302804e+06 5.15e-13 6.05e-12  -8.6 1.32e-01    -  1.00e+00 1.00e+00h  1

Number of Iterations....: 806

                                   (scaled)                 (unscaled)
Objective...............:   3.6859996073991584e+05    2.8302804117468423e+06
Dual infeasibility......:   6.0543059281215061e-12    4.6487751763966714e-11
Constraint violation....:   5.1514348342607263e-13    5.1514348342607263e-13
Variable bound violation:   1.8632356990622156e-08    1.8632356990622156e-08
Complementarity.........:   6.0443513138064953e-09    4.6411315646486630e-08
Overall NLP error.......:   6.0443513138064953e-09    4.6411315646486630e-08


Number of objective function evaluations             = 3044
Number of objective gradient evaluations             = 807
Number of equality constraint evaluations            = 3044
Number of inequality constraint evaluations          = 3044
Number of equality constraint Jacobian evaluations   = 808
Number of inequality constraint Jacobian evaluations = 808
Number of Lagrangian Hessian evaluations             = 806
Total seconds in IPOPT (w/o function evaluations)    =    327.134
Total seconds in NLP function evaluations            =     48.580


Timing Statistics:

OverallAlgorithm....................:    375.715 (sys:      0.000 wall:    375.714)
 PrintProblemStatistics.............:      0.004 (sys:      0.000 wall:      0.003)
 InitializeIterates.................:      0.737 (sys:      0.000 wall:      0.736)
 UpdateHessian......................:      4.614 (sys:      0.000 wall:      4.613)
 OutputIteration....................:      0.087 (sys:      0.000 wall:      0.068)
 UpdateBarrierParameter.............:      0.781 (sys:      0.000 wall:      0.793)
 ComputeSearchDirection.............:    259.624 (sys:      0.000 wall:    259.792)
 ComputeAcceptableTrialPoint........:     92.171 (sys:      0.000 wall:     91.992)
 AcceptTrialPoint...................:      1.065 (sys:      0.000 wall:      1.107)
 CheckConvergence...................:     16.631 (sys:      0.000 wall:     16.609)
PDSystemSolverTotal.................:    279.642 (sys:      0.000 wall:    279.804)
 PDSystemSolverSolveOnce............:    262.892 (sys:      0.000 wall:    262.943)
 ComputeResiduals...................:     12.075 (sys:      0.000 wall:     12.138)
 StdAugSystemSolverMultiSolve.......:    256.151 (sys:      0.000 wall:    256.212)
 LinearSystemScaling................:      0.000 (sys:      0.000 wall:      0.000)
 LinearSystemSymbolicFactorization..:      0.184 (sys:      0.000 wall:      0.187)
 LinearSystemFactorization..........:    173.187 (sys:      0.000 wall:    173.055)
 LinearSystemBackSolve..............:     75.390 (sys:      0.000 wall:     75.327)
 LinearSystemStructureConverter.....:      0.000 (sys:      0.000 wall:      0.000)
  LinearSystemStructureConverterInit:      0.000 (sys:      0.000 wall:      0.000)
QualityFunctionSearch...............:      0.000 (sys:      0.000 wall:      0.000)
TryCorrector........................:      0.000 (sys:      0.000 wall:      0.000)
Task1...............................:      0.000 (sys:      0.000 wall:      0.000)
Task2...............................:      0.000 (sys:      0.000 wall:      0.000)
Task3...............................:      0.000 (sys:      0.000 wall:      0.000)
Task4...............................:      0.000 (sys:      0.000 wall:      0.000)
Task5...............................:      0.000 (sys:      0.000 wall:      0.000)
Task6...............................:      0.000 (sys:      0.000 wall:      0.000)
Function Evaluations................:     48.891 (sys:      0.000 wall:     48.580)
 Objective function.................:      0.060 (sys:      0.000 wall:      0.060)
 Objective function gradient........:      0.336 (sys:      0.000 wall:      0.345)
 Equality constraints...............:     34.168 (sys:      0.000 wall:     33.872)
 Inequality constraints.............:      0.326 (sys:      0.000 wall:      0.306)
 Equality constraint Jacobian.......:      1.444 (sys:      0.000 wall:      1.360)
 Inequality constraint Jacobian.....:      8.066 (sys:      0.000 wall:      8.128)
 Lagrangian Hessian.................:      4.491 (sys:      0.000 wall:      4.510)

EXIT: Optimal Solution Found.
