
******************************************************************************
This program contains Ipopt, a library for large-scale nonlinear optimization.
 Ipopt is released as open source code under the Eclipse Public License (EPL).
         For more information visit https://github.com/coin-or/Ipopt
******************************************************************************

This is Ipopt version 3.14.19, running with linear solver ma97.

Number of nonzeros in equality constraint Jacobian...:   710730
Number of nonzeros in inequality constraint Jacobian.:   247680
Number of nonzeros in Lagrangian Hessian.............:   192900

Total number of variables............................:   266070
                     variables with only lower bounds:    61926
                variables with lower and upper bounds:    80298
                     variables with only upper bounds:        0
Total number of equality constraints.................:   191898
Total number of inequality constraints...............:    61920
        inequality constraints with only lower bounds:        0
   inequality constraints with lower and upper bounds:        0
        inequality constraints with only upper bounds:    61920

iter    objective    inf_pr   inf_du lg(mu)  ||d||  lg(rg) alpha_du alpha_pr  ls
   0  1.2375691e+05 6.40e-01 1.55e+02  -1.0 0.00e+00    -  0.00e+00 0.00e+00   0
   1  1.2839289e+05 6.40e-01 1.62e+02  -1.0 2.71e+02    -  3.65e-05 6.10e-04h  1
   2  1.3350330e+05 6.39e-01 1.67e+02  -1.0 9.84e+02    -  1.46e-04 1.67e-03f  1
   3  1.7483809e+05 6.29e-01 1.65e+02  -1.0 1.00e+03    -  1.26e-03 1.49e-02f  3
   4  1.9074295e+05 6.25e-01 1.64e+02  -1.0 8.94e+02    -  6.27e-03 5.80e-03h  1
   5  2.3062902e+05 6.16e-01 1.62e+02  -1.0 9.15e+02    -  6.47e-03 1.46e-02h  2
   6  2.7351161e+05 6.06e-01 1.59e+02  -1.0 9.22e+02    -  1.44e-02 1.59e-02h  2
   7  4.6775057e+05 5.62e-01 1.48e+02  -1.0 8.92e+02    -  1.36e-02 7.32e-02H  1
   8  5.3504949e+05 5.47e-01 1.44e+02  -1.0 8.29e+02    -  7.77e-02 2.74e-02h  5
   9  5.9779024e+05 5.32e-01 1.40e+02  -1.0 8.06e+02    -  9.17e-02 2.63e-02h  6
iter    objective    inf_pr   inf_du lg(mu)  ||d||  lg(rg) alpha_du alpha_pr  ls
  10  6.3347868e+05 5.24e-01 1.38e+02  -1.0 7.83e+02    -  2.42e-01 1.54e-02h  6
  11  6.6030126e+05 5.18e-01 1.36e+02  -1.0 7.69e+02    -  1.30e-01 1.18e-02h  7
  12  6.9593339e+05 5.10e-01 1.34e+02  -1.0 7.60e+02    -  1.97e-01 1.58e-02h  6
  13  7.3967938e+05 5.00e-01 1.31e+02  -1.0 7.49e+02    -  1.97e-01 1.98e-02h  6
  14  7.7799508e+05 4.91e-01 1.29e+02  -1.0 7.36e+02    -  1.61e-01 1.77e-02h  6
  15  8.2053288e+05 4.81e-01 1.33e+02  -1.0 7.24e+02    -  3.93e-01 2.00e-02h  6
  16  8.6471740e+05 4.71e-01 1.30e+02  -1.0 7.12e+02    -  5.42e-02 2.12e-02h  6
  17  9.0869237e+05 4.61e-01 1.28e+02  -1.0 6.99e+02    -  9.53e-02 2.16e-02h  6
  18  2.3252169e+06 2.62e+01 2.49e+03  -1.0 6.86e+02    -  1.33e-02 7.09e-01w  1
  19  2.4483307e+06 1.99e+01 1.97e+03  -1.0 3.08e+02    -  1.20e-01 2.40e-01w  1
iter    objective    inf_pr   inf_du lg(mu)  ||d||  lg(rg) alpha_du alpha_pr  ls
  20  2.5165354e+06 1.60e+01 1.64e+03  -1.0 6.52e+02    -  1.16e-01 1.86e-01w  1
  21  9.5281904e+05 4.50e-01 1.25e+02  -1.0 1.26e+03    -  1.33e-02 2.21e-02h  5
  22  9.9586121e+05 4.40e-01 1.22e+02  -1.0 6.73e+02    -  2.03e-02 2.21e-02h  6
  23  1.0379257e+06 4.31e-01 1.20e+02  -1.0 2.08e+03    -  2.80e-03 2.21e-02h  6
  24  1.0591343e+06 4.26e-01 1.19e+02  -1.0 1.49e+05    -  3.38e-04 1.13e-02h  1
  25  1.0602304e+06 4.26e-01 1.19e+02  -1.0 3.06e+05    -  4.68e-03 5.89e-04h  1
  26  1.0666851e+06 4.24e-01 1.19e+02  -1.0 4.94e+05    -  7.15e-04 3.44e-03h  1
  27  1.0761464e+06 4.22e-01 1.18e+02  -1.0 5.11e+05    -  2.49e-03 5.05e-03h  1
  28  1.0847240e+06 4.20e-01 1.18e+02  -1.0 4.89e+05    -  6.44e-04 4.49e-03h  1
  29  1.0883098e+06 4.19e-01 1.18e+02  -1.0 4.52e+05    -  1.91e-03 1.86e-03h  1
iter    objective    inf_pr   inf_du lg(mu)  ||d||  lg(rg) alpha_du alpha_pr  ls
  30  1.0908225e+06 4.19e-01 1.17e+02  -1.0 4.69e+05    -  1.70e-03 1.29e-03h  1
  31  1.0946654e+06 4.18e-01 1.17e+02  -1.0 5.01e+05    -  1.78e-03 1.96e-03h  1
  32  1.1000954e+06 4.17e-01 1.18e+02  -1.0 5.31e+05    -  2.17e-03 2.76e-03h  1
  33  1.1054922e+06 4.16e-01 1.22e+02  -1.0 5.34e+05    -  2.06e-03 2.74e-03h  1
  34  1.1167551e+06 4.13e-01 1.38e+02  -1.0 5.20e+05    -  1.63e-03 5.71e-03h  1
  35  1.1230114e+06 4.12e-01 1.41e+02  -1.0 4.66e+05    -  1.31e-03 3.13e-03h  1
  36  1.1274127e+06 4.11e-01 1.43e+02  -1.0 4.42e+05    -  2.60e-03 2.21e-03h  1
  37  1.1307717e+06 4.10e-01 1.44e+02  -1.0 5.50e+05    -  1.35e-03 1.66e-03h  1
  38  1.1378098e+06 4.09e-01 1.48e+02  -1.0 5.15e+05    -  1.19e-03 3.38e-03h  1
  39  1.1421987e+06 4.08e-01 1.49e+02  -1.0 5.19e+05    -  1.65e-03 2.04e-03h  1
iter    objective    inf_pr   inf_du lg(mu)  ||d||  lg(rg) alpha_du alpha_pr  ls
  40  1.1473555e+06 4.07e-01 1.50e+02  -1.0 5.80e+05    -  1.86e-03 2.34e-03h  1
  41  1.1509656e+06 4.07e-01 1.51e+02  -1.0 7.09e+05    -  1.29e-03 1.63e-03h  1
  42  1.1546502e+06 4.06e-01 1.52e+02  -1.0 6.47e+05    -  2.34e-03 1.66e-03h  1
  43  1.1602159e+06 4.05e-01 1.54e+02  -1.0 6.16e+05    -  1.19e-03 2.49e-03h  1
  44  1.1654582e+06 4.04e-01 1.55e+02  -1.0 5.74e+05    -  1.95e-03 2.34e-03h  1
  45  1.1708103e+06 4.03e-01 1.57e+02  -1.0 5.34e+05    -  1.76e-03 2.38e-03h  1
  46  1.1752065e+06 4.02e-01 1.58e+02  -1.0 5.54e+05    -  1.06e-03 1.92e-03h  1
  47  1.1822154e+06 4.01e-01 1.60e+02  -1.0 5.12e+05    -  1.47e-03 2.99e-03h  1
  48  1.1856536e+06 4.00e-01 1.61e+02  -1.0 5.19e+05    -  1.59e-03 1.39e-03h  2
  49  1.1885762e+06 4.00e-01 1.61e+02  -1.0 6.36e+05    -  1.59e-03 1.12e-03h  2
iter    objective    inf_pr   inf_du lg(mu)  ||d||  lg(rg) alpha_du alpha_pr  ls
  50  1.1910869e+06 4.00e-01 1.61e+02  -1.0 6.74e+05    -  1.04e-03 9.20e-04h  2
  51  1.1941153e+06 3.99e-01 1.61e+02  -1.0 7.41e+05    -  1.36e-03 1.08e-03h  2
  52  1.1973475e+06 3.99e-01 1.61e+02  -1.0 7.29e+05    -  1.19e-03 1.13e-03h  2
  53  1.2005056e+06 3.98e-01 1.62e+02  -1.0 6.72e+05    -  8.62e-04 1.07e-03h  2
  54  1.2042713e+06 3.98e-01 1.62e+02  -1.0 6.33e+05    -  1.31e-03 1.25e-03h  2
  55  1.2064318e+06 3.98e-01 1.62e+02  -1.0 7.89e+05    -  1.15e-03 7.09e-04h  3
  56  1.2086221e+06 3.97e-01 1.62e+02  -1.0 8.50e+05    -  1.12e-03 7.14e-04h  3
  57  1.2125264e+06 3.97e-01 1.62e+02  -1.0 8.30e+05    -  1.32e-03 1.27e-03h  2
  58  1.2191361e+06 3.96e-01 1.63e+02  -1.0 7.60e+05    -  1.68e-03 2.15e-03w  1
  59  1.2267212e+06 3.95e-01 1.65e+02  -1.0 6.56e+05    -  8.42e-04 2.45e-03w  1
iter    objective    inf_pr   inf_du lg(mu)  ||d||  lg(rg) alpha_du alpha_pr  ls
  60  1.2337028e+06 3.94e-01 1.66e+02  -1.0 6.08e+05    -  1.66e-03 2.24e-03w  1
  61  1.2158281e+06 3.96e-01 1.62e+02  -1.0 5.51e+05    -  1.68e-03 1.08e-03h  1
  62  1.2180817e+06 3.96e-01 1.62e+02  -1.0 6.95e+05    -  6.45e-04 7.25e-04h  3
  63  1.2204866e+06 3.96e-01 1.62e+02  -1.0 6.73e+05    -  8.93e-04 7.68e-04h  3
  64  1.2230972e+06 3.95e-01 1.63e+02  -1.0 6.50e+05    -  9.61e-04 8.28e-04h  3
  65  1.2261406e+06 3.95e-01 1.63e+02  -1.0 6.27e+05    -  8.68e-04 9.51e-04h  3
  66  1.2292671e+06 3.95e-01 1.63e+02  -1.0 6.04e+05    -  9.86e-04 9.57e-04h  3
  67  1.2326147e+06 3.94e-01 1.63e+02  -1.0 5.82e+05    -  1.09e-03 1.00e-03h  3
  68  1.2361803e+06 3.94e-01 1.63e+02  -1.0 6.18e+05    -  1.02e-03 1.04e-03h  3
  69  1.2395325e+06 3.93e-01 1.63e+02  -1.0 6.62e+05    -  9.50e-04 9.52e-04h  3
iter    objective    inf_pr   inf_du lg(mu)  ||d||  lg(rg) alpha_du alpha_pr  ls
  70  1.2425088e+06 3.93e-01 1.63e+02  -1.0 6.56e+05    -  1.03e-03 8.34e-04h  3
  71  1.2454351e+06 3.93e-01 1.63e+02  -1.0 6.38e+05    -  9.89e-04 8.10e-04h  3
  72  1.2572911e+06 3.92e-01 1.65e+02  -1.0 6.15e+05    -  1.01e-03 3.24e-03w  1
  73  1.2665618e+06 3.91e-01 1.66e+02  -1.0 5.56e+05    -  2.12e-03 2.54e-03w  1
  74  1.2728110e+06 3.90e-01 1.66e+02  -1.0 5.02e+05    -  1.06e-03 1.72e-03w  1
  75  1.2483926e+06 3.93e-01 1.63e+02  -1.0 4.89e+05    -  1.01e-03 8.09e-04h  2
  76  1.2514268e+06 3.92e-01 1.63e+02  -1.0 5.89e+05    -  1.08e-03 8.26e-04h  3
  77  1.2548325e+06 3.92e-01 1.63e+02  -1.0 5.78e+05    -  1.14e-03 9.24e-04h  3
  78  1.2580215e+06 3.91e-01 1.63e+02  -1.0 5.79e+05    -  8.36e-04 8.60e-04h  3
  79  1.2609826e+06 3.91e-01 1.63e+02  -1.0 5.68e+05    -  9.70e-04 7.97e-04h  3
iter    objective    inf_pr   inf_du lg(mu)  ||d||  lg(rg) alpha_du alpha_pr  ls
  80  1.2640305e+06 3.91e-01 1.63e+02  -1.0 5.52e+05    -  1.08e-03 8.18e-04h  3
  81  1.2675078e+06 3.90e-01 1.63e+02  -1.0 5.34e+05    -  7.58e-04 9.26e-04h  3
  82  1.2709968e+06 3.90e-01 1.63e+02  -1.0 5.33e+05    -  9.43e-04 9.22e-04h  3
  83  1.2744248e+06 3.90e-01 1.63e+02  -1.0 5.63e+05    -  1.04e-03 8.97e-04h  3
  84  1.2781546e+06 3.89e-01 1.63e+02  -1.0 6.05e+05    -  8.72e-04 9.66e-04h  3
  85  1.2917414e+06 3.88e-01 1.62e+02  -1.0 6.11e+05    -  9.40e-04 3.47e-03w  1
  86  1.3017466e+06 3.87e-01 1.62e+02  -1.0 5.72e+05    -  1.66e-03 2.53e-03w  1
  87  1.3105105e+06 3.86e-01 1.61e+02  -1.0 5.38e+05    -  1.94e-03 2.21e-03w  1
  88  1.2815440e+06 3.89e-01 1.63e+02  -1.0 5.36e+05    -  9.40e-04 8.67e-04h  2
  89  1.2849158e+06 3.89e-01 1.62e+02  -1.0 6.06e+05    -  9.87e-04 8.50e-04h  3
iter    objective    inf_pr   inf_du lg(mu)  ||d||  lg(rg) alpha_du alpha_pr  ls
  90  1.2886225e+06 3.88e-01 1.62e+02  -1.0 6.14e+05    -  9.36e-04 9.22e-04h  3
  91  1.2920389e+06 3.88e-01 1.62e+02  -1.0 6.07e+05    -  1.68e-03 8.46e-04h  3
  92  1.2939639e+06 3.88e-01 1.62e+02  -1.0 5.97e+05    -  8.87e-04 4.76e-04h  4
  93  1.2962125e+06 3.88e-01 1.62e+02  -1.0 6.03e+05    -  1.29e-03 5.55e-04h  4
  94  1.2984966e+06 3.87e-01 1.62e+02  -1.0 6.06e+05    -  6.60e-04 5.63e-04h  4
  95  1.3007431e+06 3.87e-01 1.62e+02  -1.0 5.99e+05    -  8.92e-04 5.53e-04h  4
  96  1.3028617e+06 3.87e-01 1.62e+02  -1.0 5.88e+05    -  6.31e-04 5.21e-04h  4
  97  1.3049473e+06 3.87e-01 1.62e+02  -1.0 5.76e+05    -  9.18e-04 5.13e-04h  4
  98  1.3212789e+06 3.85e-01 1.60e+02  -1.0 5.61e+05    -  6.42e-04 3.99e-03w  1
  99  1.3290696e+06 3.85e-01 1.60e+02  -1.0 5.13e+05    -  1.46e-03 1.92e-03w  1
iter    objective    inf_pr   inf_du lg(mu)  ||d||  lg(rg) alpha_du alpha_pr  ls
 100  1.3422588e+06 3.83e-01 1.59e+02  -1.0 5.77e+05    -  1.46e-03 3.27e-03w  1
 101  1.3069831e+06 3.87e-01 1.61e+02  -1.0 6.43e+05    -  6.42e-04 4.99e-04h  3
 102  1.3090304e+06 3.86e-01 1.61e+02  -1.0 5.49e+05    -  8.44e-04 5.00e-04h  4
 103  1.3122185e+06 3.86e-01 1.61e+02  -1.0 5.38e+05    -  5.97e-04 7.74e-04h  3
 104  1.3156944e+06 3.86e-01 1.61e+02  -1.0 5.61e+05    -  9.93e-04 8.44e-04h  3
 105  1.3191485e+06 3.85e-01 1.61e+02  -1.0 6.71e+05    -  9.22e-04 8.37e-04h  3
 106  1.3227280e+06 3.85e-01 1.61e+02  -1.0 7.51e+05    -  6.93e-04 8.67e-04h  3
 107  1.3265391e+06 3.85e-01 1.60e+02  -1.0 7.69e+05    -  9.17e-04 9.23e-04h  3
 108  1.3286392e+06 3.85e-01 1.60e+02  -1.0 7.59e+05    -  1.31e-03 5.09e-04h  4
 109  1.3307416e+06 3.84e-01 1.60e+02  -1.0 7.39e+05    -  9.30e-04 5.09e-04h  4
iter    objective    inf_pr   inf_du lg(mu)  ||d||  lg(rg) alpha_du alpha_pr  ls
 110  1.3328692e+06 3.84e-01 1.60e+02  -1.0 7.17e+05    -  1.60e-03 5.16e-04h  4
 111  1.3514512e+06 3.82e-01 1.58e+02  -1.0 6.85e+05    -  9.84e-04 4.51e-03w  1
 112  1.3627933e+06 3.81e-01 1.57e+02  -1.0 5.59e+05    -  2.91e-03 2.84e-03w  1
 113  1.3759158e+06 3.80e-01 1.56e+02  -1.0 4.98e+05    -  8.58e-04 3.37e-03w  1
 114  1.3351856e+06 3.84e-01 1.60e+02  -1.0 4.63e+05    -  9.84e-04 5.64e-04h  3
 115  1.3375389e+06 3.84e-01 1.60e+02  -1.0 6.61e+05    -  1.79e-03 5.76e-04h  4
 116  1.3401950e+06 3.84e-01 1.60e+02  -1.0 6.30e+05    -  1.12e-03 6.56e-04h  4
 117  1.3426926e+06 3.83e-01 1.60e+02  -1.0 6.09e+05    -  4.57e-04 6.19e-04h  4
 118  1.3450658e+06 3.83e-01 1.60e+02  -1.0 5.96e+05    -  2.82e-03 5.91e-04h  4
 119  1.3481309e+06 3.83e-01 1.59e+02  -1.0 5.65e+05    -  2.36e-03 7.72e-04h  4
iter    objective    inf_pr   inf_du lg(mu)  ||d||  lg(rg) alpha_du alpha_pr  ls
 120  1.3518050e+06 3.82e-01 1.59e+02  -1.0 5.41e+05    -  9.97e-04 9.35e-04h  4
 121  1.3549549e+06 3.82e-01 1.59e+02  -1.0 5.27e+05    -  3.65e-04 8.04e-04h  4
 122  1.3578090e+06 3.82e-01 1.59e+02  -1.0 5.18e+05    -  3.01e-03 7.31e-04h  4
 123  1.3608187e+06 3.82e-01 1.59e+02  -1.0 4.95e+05    -  1.32e-03 7.79e-04h  4
 124  1.3853150e+06 3.79e-01 1.55e+02  -1.0 4.83e+05    -  1.73e-03 6.36e-03w  1
 125  1.4036385e+06 3.77e-01 1.53e+02  -1.0 4.27e+05    -  1.78e-03 4.90e-03w  1
 126  1.4133610e+06 3.76e-01 1.53e+02  -1.0 3.79e+05    -  1.57e-03 2.66e-03w  1
 127  1.3638734e+06 3.81e-01 1.59e+02  -1.0 3.51e+05    -  1.73e-03 7.96e-04h  3
 128  1.3671562e+06 3.81e-01 1.58e+02  -1.0 4.69e+05    -  1.53e-03 8.60e-04h  4
 129  1.3700611e+06 3.81e-01 1.58e+02  -1.0 4.56e+05    -  2.91e-04 7.63e-04h  4
iter    objective    inf_pr   inf_du lg(mu)  ||d||  lg(rg) alpha_du alpha_pr  ls
 130  1.3747099e+06 3.80e-01 1.58e+02  -1.0 4.50e+05    -  2.57e-03 1.22e-03h  3
 131  1.3796411e+06 3.80e-01 1.58e+02  -1.0 4.31e+05    -  2.11e-03 1.31e-03h  3
 132  1.3824046e+06 3.79e-01 1.58e+02  -1.0 4.15e+05    -  1.56e-03 7.39e-04h  4
 133  1.3855788e+06 3.79e-01 1.57e+02  -1.0 4.04e+05    -  1.86e-03 8.53e-04h  4
 134  1.3887185e+06 3.79e-01 1.57e+02  -1.0 3.92e+05    -  1.09e-03 8.47e-04h  4
 135  1.3919026e+06 3.78e-01 1.57e+02  -1.0 3.84e+05    -  7.99e-04 8.62e-04h  4
 136  1.3974922e+06 3.78e-01 1.57e+02  -1.0 4.08e+05    -  2.62e-03 1.52e-03h  3
 137  1.4117342e+06 3.76e-01 1.55e+02  -1.0 4.55e+05    -  2.09e-03 3.90e-03w  1
 138  1.4399528e+06 3.73e-01 1.50e+02  -1.0 3.85e+05    -  4.19e-03 7.85e-03w  1
 139  1.4725633e+06 3.70e-01 1.63e+02  -1.0 3.60e+05    -  1.37e-03 9.38e-03w  1
iter    objective    inf_pr   inf_du lg(mu)  ||d||  lg(rg) alpha_du alpha_pr  ls
 140  1.4010495e+06 3.77e-01 1.56e+02  -1.0 2.87e+05    -  2.09e-03 9.75e-04h  2
 141  1.4043682e+06 3.77e-01 1.56e+02  -1.0 3.89e+05    -  3.16e-03 9.15e-04h  3
 142  1.4096883e+06 3.77e-01 1.56e+02  -1.0 3.92e+05    -  1.56e-03 1.48e-03h  3
 143  1.4130102e+06 3.76e-01 1.56e+02  -1.0 3.93e+05    -  6.45e-04 9.29e-04h  4
 144  1.4165770e+06 3.76e-01 1.56e+02  -1.0 3.93e+05    -  1.09e-03 9.99e-04h  4
 145  1.4205416e+06 3.75e-01 1.55e+02  -1.0 3.94e+05    -  3.06e-03 1.11e-03h  4
 146  1.4256016e+06 3.75e-01 1.55e+02  -1.0 4.00e+05    -  1.91e-03 1.43e-03h  4
 147  1.4312472e+06 3.74e-01 1.55e+02  -1.0 4.08e+05    -  1.18e-03 1.60e-03h  4
 148  1.4364984e+06 3.74e-01 1.54e+02  -1.0 4.14e+05    -  1.90e-03 1.50e-03h  4
 149  1.4414548e+06 3.73e-01 1.54e+02  -1.0 4.28e+05    -  1.64e-03 1.42e-03h  4
iter    objective    inf_pr   inf_du lg(mu)  ||d||  lg(rg) alpha_du alpha_pr  ls
 150  1.4780927e+06 3.69e-01 1.46e+02  -1.0 4.56e+05    -  9.21e-04 1.05e-02w  1
 151  1.5038829e+06 3.66e-01 1.46e+02  -1.0 3.24e+05    -  3.52e-03 7.58e-03w  1
 152  1.5070198e+06 3.66e-01 1.46e+02  -1.0 2.70e+05    -  5.21e-03 9.48e-04w  1
 153  1.4460260e+06 3.73e-01 1.54e+02  -1.0 2.75e+05    -  9.21e-04 1.31e-03h  3
 154  1.4498737e+06 3.72e-01 1.53e+02  -1.0 5.15e+05    -  1.26e-03 1.11e-03h  4
 155  1.5187386e+06 3.56e-01 1.46e+02  -1.0 2.51e+03  -4.0 3.03e-02 4.28e-02h  4
 156  1.5487732e+06 3.50e-01 1.44e+02  -1.0 3.90e+03  -4.5 1.63e-02 1.89e-02h  6
 157  1.5494364e+06 3.49e-01 1.44e+02  -1.0 4.62e+06    -  3.18e-04 1.94e-04h  3
 158  1.5661883e+06 3.46e-01 1.44e+02  -1.0 7.83e+03  -5.0 8.82e-03 9.86e-03h  5
 159  1.5768631e+06 3.44e-01 1.44e+02  -1.0 1.71e+04  -5.4 4.61e-03 5.24e-03h  4
iter    objective    inf_pr   inf_du lg(mu)  ||d||  lg(rg) alpha_du alpha_pr  ls
 160  1.5820895e+06 3.44e-01 1.43e+02  -1.0 4.13e+04  -5.9 2.71e-03 1.96e-03h  4
 161  1.5870655e+06 3.43e-01 1.43e+02  -1.0 8.51e+04  -6.4 1.70e-03 1.46e-03h  3
 162  1.5936808e+06 3.42e-01 1.43e+02  -1.0 4.49e+04  -6.0 3.11e-03 2.33e-03h  3
 163  1.6043256e+06 3.41e-01 1.44e+02  -1.0 9.37e+04  -6.4 1.84e-03 2.96e-03w  1
 164  1.6231687e+06 3.39e-01 1.45e+02  -1.0 4.90e+04  -6.0 3.70e-03 6.29e-03w  1
 165  1.6427969e+06 3.37e-01 1.46e+02  -1.0 9.50e+04  -6.5 3.01e-03 5.20e-03w  1
 166  1.5990024e+06 3.42e-01 1.43e+02  -1.0 1.45e+05  -7.0 1.84e-03 1.48e-03h  1
 167  1.6023209e+06 3.41e-01 1.43e+02  -1.0 1.05e+05  -6.5 1.58e-03 8.78e-04h  2
 168  1.6070019e+06 3.41e-01 1.43e+02  -1.0 5.81e+04  -6.1 2.51e-03 1.47e-03h  3
 169  1.6109840e+06 3.41e-01 1.43e+02  -1.0 1.09e+05  -6.6 1.86e-03 1.02e-03h  3
iter    objective    inf_pr   inf_du lg(mu)  ||d||  lg(rg) alpha_du alpha_pr  ls
 170  1.6172090e+06 3.40e-01 1.43e+02  -1.0 6.31e+04  -6.2 2.26e-03 1.88e-03h  3
 171  1.6206617e+06 3.40e-01 1.43e+02  -1.0 1.13e+05  -6.6 1.44e-03 8.46e-04h  4
 172  1.6246614e+06 3.39e-01 1.43e+02  -1.0 1.60e+05  -7.1 1.16e-03 8.71e-04h  5
 173  1.6283735e+06 3.39e-01 1.43e+02  -1.0 1.19e+05  -6.7 1.64e-03 8.78e-04h  4
 174  1.6308482e+06 3.39e-01 1.43e+02  -1.0 1.65e+05  -7.2 1.30e-03 5.24e-04h  5
 175  1.6350818e+06 3.39e-01 1.43e+02  -1.0 1.25e+05  -6.7 1.24e-03 9.72e-04h  4
 176  1.6384269e+06 3.38e-01 1.43e+02  -1.0 1.69e+05  -7.2 1.24e-03 6.92e-04h  4
 177  1.6439542e+06 3.38e-01 1.43e+02  -1.0 4.66e+05  -7.7 1.03e-03 1.09e-03w  1
 178  1.6537918e+06 3.37e-01 1.43e+02  -1.0 8.41e+04  -6.4 2.20e-03 2.56e-03w  1
 179  1.6845528e+06 3.35e-01 1.45e+02  -1.0 1.37e+05  -6.8 1.64e-03 6.69e-03w  1
iter    objective    inf_pr   inf_du lg(mu)  ||d||  lg(rg) alpha_du alpha_pr  ls
 180  1.6411897e+06 3.38e-01 1.43e+02  -1.0 2.94e+05  -7.3 1.03e-03 5.43e-04h  1
 181  1.6463109e+06 3.38e-01 1.42e+02  -1.0 4.75e+04  -6.0 2.82e-03 1.64e-03h  2
 182  1.6515784e+06 3.37e-01 1.42e+02  -1.0 9.52e+04  -6.5 1.51e-03 1.30e-03h  1
 183  1.6559813e+06 3.37e-01 1.42e+02  -1.0 1.46e+05  -6.9 1.49e-03 9.33e-04h  4
 184  1.6583884e+06 3.37e-01 1.42e+02  -1.0 3.31e+05  -7.4 1.02e-03 4.72e-04h  3
 185  1.6621238e+06 3.36e-01 1.42e+02  -1.0 1.52e+05  -7.0 1.29e-03 7.77e-04h  4
 186  1.6639389e+06 3.36e-01 1.42e+02  -1.0 8.95e+05  -7.5 3.32e-04 3.50e-04h  2
 187  1.6671248e+06 3.36e-01 1.42e+02  -1.0 6.07e+04  -6.1 2.85e-03 9.15e-04h  1
 188  1.6716138e+06 3.36e-01 1.42e+02  -1.0 1.13e+05  -6.6 1.18e-03 1.03e-03h  4
 189  1.6743742e+06 3.35e-01 1.42e+02  -1.0 2.08e+05  -7.1 1.37e-03 5.57e-04h  3
iter    objective    inf_pr   inf_du lg(mu)  ||d||  lg(rg) alpha_du alpha_pr  ls
 190  1.6774514e+06 3.35e-01 1.42e+02  -1.0 4.64e+05  -7.6 1.36e-03 5.85e-04h  2
 191  1.6794943e+06 3.35e-01 1.42e+02  -1.0 5.48e+05  -8.1 1.66e-04 3.79e-04h  4
 192  1.6830958e+06 3.35e-01 1.42e+02  -1.0 1.24e+05  -6.7 2.03e-03 7.90e-04h  1
 193  1.6852173e+06 3.35e-01 1.42e+02  -1.0 4.48e+05    -  4.78e-05 3.87e-04h  4
 194  1.6874571e+06 3.35e-01 1.42e+02  -1.0 7.57e+04  -6.3 2.14e-03 5.84e-04h  1
 195  1.6913561e+06 3.34e-01 1.42e+02  -1.0 3.21e+05    -  5.11e-04 7.08e-04h  3
 196  1.6941500e+06 3.34e-01 1.41e+02  -1.0 1.29e+05  -6.8 1.78e-03 6.00e-04h  5
 197  1.6969353e+06 3.34e-01 1.41e+02  -1.0 1.72e+05  -7.3 1.87e-03 5.42e-04h  5
 198  1.7008186e+06 3.34e-01 1.41e+02  -1.0 3.46e+05    -  5.83e-04 7.01e-04h  3
 199  1.7036247e+06 3.34e-01 1.41e+02  -1.0 2.08e+05  -7.7 9.82e-04 5.21e-04h  4
iter    objective    inf_pr   inf_du lg(mu)  ||d||  lg(rg) alpha_du alpha_pr  ls
 200  1.7056743e+06 3.33e-01 1.41e+02  -1.0 2.59e+05  -8.2 2.65e-03 3.73e-04h  4
 201  1.7079837e+06 3.33e-01 1.41e+02  -1.0 3.09e+05    -  1.61e-03 4.15e-04h  4
 202  1.7110648e+06 3.33e-01 1.41e+02  -1.0 3.04e+05    -  2.12e-03 5.53e-04h  4
 203  1.7132315e+06 3.33e-01 1.41e+02  -1.0 3.03e+05    -  1.68e-03 3.88e-04h  5
 204  1.7159465e+06 3.33e-01 1.41e+02  -1.0 3.21e+05    -  3.99e-04 4.84e-04h  5
 205  1.7599941e+06 3.30e-01 1.37e+02  -1.0 3.25e+05    -  1.54e-03 7.81e-03w  1
 206  1.7921297e+06 3.28e-01 1.35e+02  -1.0 3.20e+05    -  4.19e-03 5.70e-03w  1
 207  1.8221892e+06 3.27e-01 1.34e+02  -1.0 2.82e+05    -  5.29e-03 5.33e-03w  1
 208  1.7186886e+06 3.33e-01 1.41e+02  -1.0 2.52e+05    -  1.54e-03 4.88e-04h  4
 209  1.7217432e+06 3.32e-01 1.41e+02  -1.0 3.33e+05    -  2.12e-03 5.42e-04h  5
iter    objective    inf_pr   inf_du lg(mu)  ||d||  lg(rg) alpha_du alpha_pr  ls
 210  1.7252613e+06 3.32e-01 1.41e+02  -1.0 3.39e+05    -  1.35e-03 6.22e-04h  5
 211  1.7288033e+06 3.32e-01 1.41e+02  -1.0 3.40e+05    -  1.58e-03 6.24e-04h  5
 212  1.7324708e+06 3.32e-01 1.40e+02  -1.0 3.40e+05    -  1.90e-03 6.42e-04h  5
 213  1.7344278e+06 3.32e-01 1.40e+02  -1.0 3.44e+05    -  1.64e-03 3.40e-04h  6
 214  1.7364446e+06 3.32e-01 1.40e+02  -1.0 3.52e+05    -  1.67e-03 3.48e-04h  6
 215  1.7385454e+06 3.31e-01 1.40e+02  -1.0 3.53e+05    -  1.66e-03 3.58e-04h  6
 216  1.7407523e+06 3.31e-01 1.40e+02  -1.0 3.51e+05    -  1.65e-03 3.72e-04h  6
 217  1.7430813e+06 3.31e-01 1.40e+02  -1.0 3.48e+05    -  1.67e-03 3.88e-04h  6
 218  1.8226834e+06 3.27e-01 1.32e+02  -1.0 3.40e+05    -  1.64e-03 1.30e-02w  1
 219  1.8526409e+06 3.25e-01 1.30e+02  -1.0 2.61e+05    -  3.25e-03 5.08e-03w  1
iter    objective    inf_pr   inf_du lg(mu)  ||d||  lg(rg) alpha_du alpha_pr  ls
 220  1.8807756e+06 3.24e-01 1.28e+02  -1.0 2.31e+05    -  4.32e-03 4.92e-03w  1
 221  1.7455468e+06 3.31e-01 1.40e+02  -1.0 2.03e+05    -  1.64e-03 4.07e-04h  5
 222  1.7481567e+06 3.31e-01 1.40e+02  -1.0 3.31e+05    -  1.34e-03 4.29e-04h  6
 223  1.7508858e+06 3.31e-01 1.40e+02  -1.0 3.22e+05    -  1.99e-03 4.47e-04h  6
 224  1.7537225e+06 3.31e-01 1.40e+02  -1.0 3.10e+05    -  1.61e-03 4.64e-04h  6
 225  1.7565887e+06 3.30e-01 1.40e+02  -1.0 3.03e+05    -  1.72e-03 4.69e-04h  6
 226  1.7594965e+06 3.30e-01 1.40e+02  -1.0 2.98e+05    -  6.10e-04 4.76e-04h  6
 227  1.7623539e+06 3.30e-01 1.40e+02  -1.0 2.96e+05    -  1.27e-03 4.68e-04h  6
 228  1.7651831e+06 3.30e-01 1.40e+02  -1.0 2.92e+05    -  1.72e-03 4.64e-04h  6
 229  1.7680068e+06 3.30e-01 1.39e+02  -1.0 2.89e+05    -  2.25e-03 4.65e-04h  6
iter    objective    inf_pr   inf_du lg(mu)  ||d||  lg(rg) alpha_du alpha_pr  ls
 230  1.7708579e+06 3.30e-01 1.39e+02  -1.0 2.84e+05    -  2.33e-03 4.72e-04h  6
 231  1.8644751e+06 3.25e-01 1.28e+02  -1.0 2.78e+05    -  1.82e-03 1.54e-02w  1
 232  1.8870972e+06 3.23e-01 1.26e+02  -1.0 2.19e+05    -  5.95e-03 4.01e-03w  1
 233  1.9187482e+06 3.21e-01 1.28e+02  -1.0 1.98e+05    -  6.35e-03 5.83e-03w  1
 234  1.7737558e+06 3.30e-01 1.39e+02  -1.0 1.94e+05    -  1.82e-03 4.82e-04h  5
 235  1.7766916e+06 3.29e-01 1.39e+02  -1.0 2.73e+05    -  3.38e-03 4.91e-04h  6
 236  1.7797537e+06 3.29e-01 1.39e+02  -1.0 2.66e+05    -  1.65e-03 5.15e-04h  6
 237  1.7827807e+06 3.29e-01 1.39e+02  -1.0 2.61e+05    -  3.27e-03 5.12e-04h  6
 238  1.7858327e+06 3.29e-01 1.39e+02  -1.0 2.54e+05    -  1.99e-03 5.20e-04h  6
 239  1.7888900e+06 3.29e-01 1.39e+02  -1.0 2.49e+05    -  1.40e-03 5.23e-04h  6
iter    objective    inf_pr   inf_du lg(mu)  ||d||  lg(rg) alpha_du alpha_pr  ls
 240  1.7919412e+06 3.29e-01 1.39e+02  -1.0 2.45e+05    -  2.25e-03 5.24e-04h  6
 241  1.7950360e+06 3.28e-01 1.39e+02  -1.0 2.39e+05    -  1.04e-03 5.33e-04h  6
 242  1.7981239e+06 3.28e-01 1.39e+02  -1.0 2.35e+05    -  1.96e-03 5.34e-04h  6
 243  1.8012646e+06 3.28e-01 1.39e+02  -1.0 2.30e+05    -  1.02e-03 5.45e-04h  6
 244  1.9028424e+06 3.22e-01 1.23e+02  -1.0 2.27e+05    -  3.85e-03 1.75e-02w  1
 245  1.9326323e+06 3.20e-01 1.27e+02  -1.0 1.98e+05    -  4.04e-03 5.57e-03w  1
 246  1.9718697e+06 3.18e-01 1.36e+02  -1.0 1.93e+05    -  3.00e-03 7.62e-03w  1
 247  1.8044124e+06 3.28e-01 1.38e+02  -1.0 1.93e+05    -  3.85e-03 5.48e-04h  5
 248  1.8077601e+06 3.28e-01 1.38e+02  -1.0 2.18e+05    -  1.52e-03 5.87e-04h  6
 249  1.8111456e+06 3.27e-01 1.38e+02  -1.0 2.13e+05    -  1.92e-03 5.95e-04h  6
iter    objective    inf_pr   inf_du lg(mu)  ||d||  lg(rg) alpha_du alpha_pr  ls
 250  1.8145148e+06 3.27e-01 1.38e+02  -1.0 2.60e+05    -  5.56e-04 5.94e-04h  6
 251  1.8178258e+06 3.27e-01 1.38e+02  -1.0 2.41e+05    -  3.57e-03 5.86e-04h  6
 252  1.8211966e+06 3.27e-01 1.38e+02  -1.0 2.38e+05    -  9.79e-04 6.00e-04h  6
 253  1.8244977e+06 3.27e-01 1.38e+02  -1.0 2.36e+05    -  2.39e-03 5.90e-04h  6
 254  1.8277782e+06 3.26e-01 1.38e+02  -1.0 2.34e+05    -  2.51e-03 5.89e-04h  6
 255  1.8310638e+06 3.26e-01 1.38e+02  -1.0 2.31e+05    -  1.94e-03 5.94e-04h  6
 256  1.8343469e+06 3.26e-01 1.38e+02  -1.0 2.34e+05    -  3.45e-03 5.96e-04h  6
 257  1.9423992e+06 3.20e-01 1.25e+02  -1.0 2.27e+05    -  2.08e-03 1.96e-02w  1
 258  1.9899829e+06 3.17e-01 1.45e+02  -1.0 1.95e+05    -  5.65e-03 9.41e-03w  1
 259  2.0214857e+06 3.15e-01 1.55e+02  -1.0 1.83e+05    -  4.95e-03 6.63e-03w  1
iter    objective    inf_pr   inf_du lg(mu)  ||d||  lg(rg) alpha_du alpha_pr  ls
 260  1.8376994e+06 3.26e-01 1.38e+02  -1.0 1.74e+05    -  2.08e-03 6.13e-04h  5
 261  1.8410793e+06 3.26e-01 1.37e+02  -1.0 2.23e+05    -  1.94e-03 6.22e-04h  6
 262  1.8444908e+06 3.25e-01 1.37e+02  -1.0 2.21e+05    -  1.76e-03 6.31e-04h  6
 263  1.8479342e+06 3.25e-01 1.37e+02  -1.0 2.19e+05    -  1.33e-03 6.39e-04h  6
 264  1.8513927e+06 3.25e-01 1.37e+02  -1.0 2.17e+05    -  1.45e-03 6.45e-04h  6
 265  1.8548803e+06 3.25e-01 1.37e+02  -1.0 2.15e+05    -  1.52e-03 6.53e-04h  6
 266  1.8584084e+06 3.25e-01 1.37e+02  -1.0 2.14e+05    -  9.79e-04 6.63e-04h  6
 267  1.8617082e+06 3.24e-01 1.37e+02  -1.0 2.11e+05    -  2.26e-03 6.22e-04h  6
 268  1.8652043e+06 3.24e-01 1.37e+02  -1.0 2.08e+05    -  2.89e-03 6.63e-04h  6
 269  1.8688538e+06 3.24e-01 1.37e+02  -1.0 2.05e+05    -  1.16e-03 6.97e-04h  6
iter    objective    inf_pr   inf_du lg(mu)  ||d||  lg(rg) alpha_du alpha_pr  ls
 270  1.9827035e+06 3.17e-01 1.46e+02  -1.0 2.03e+05    -  2.65e-03 2.17e-02w  1
 271  2.0255024e+06 3.14e-01 1.64e+02  -1.0 1.81e+05    -  6.63e-03 8.95e-03w  1
 272  2.0522172e+06 3.12e-01 1.71e+02  -1.0 1.68e+05    -  5.40e-03 5.92e-03w  1
 273  1.8723898e+06 3.24e-01 1.36e+02  -1.0 1.74e+05    -  2.65e-03 6.77e-04h  5
 274  1.8761932e+06 3.24e-01 1.36e+02  -1.0 2.00e+05    -  2.01e-03 7.33e-04h  6
 275  1.8800334e+06 3.23e-01 1.36e+02  -1.0 1.98e+05    -  1.82e-03 7.44e-04h  6
 276  1.8839656e+06 3.23e-01 1.36e+02  -1.0 1.97e+05    -  2.01e-03 7.66e-04h  6
 277  1.8878941e+06 3.23e-01 1.36e+02  -1.0 1.96e+05    -  3.56e-03 7.70e-04h  6
 278  1.8918733e+06 3.23e-01 1.36e+02  -1.0 1.94e+05    -  1.95e-03 7.86e-04h  6
 279  1.8955839e+06 3.22e-01 1.36e+02  -1.0 1.92e+05    -  3.90e-04 7.36e-04h  6
iter    objective    inf_pr   inf_du lg(mu)  ||d||  lg(rg) alpha_du alpha_pr  ls
 280  1.8988526e+06 3.22e-01 1.36e+02  -1.0 2.20e+05    -  1.88e-03 6.50e-04h  6
 281  1.9021935e+06 3.22e-01 1.35e+02  -1.0 2.19e+05    -  2.65e-03 6.68e-04h  6
 282  1.9056599e+06 3.22e-01 1.35e+02  -1.0 2.18e+05    -  3.18e-03 6.97e-04h  6
 283  2.0228975e+06 3.14e-01 1.67e+02  -1.0 2.16e+05    -  1.71e-03 2.36e-02w  1
 284  2.0496820e+06 3.12e-01 1.74e+02  -1.0 1.78e+05    -  7.04e-03 5.92e-03w  1
 285  2.0802933e+06 3.10e-01 1.84e+02  -1.0 1.66e+05    -  4.46e-03 7.01e-03w  1
 286  1.9093056e+06 3.21e-01 1.35e+02  -1.0 1.59e+05    -  1.71e-03 7.38e-04h  5
 287  1.9129571e+06 3.21e-01 1.35e+02  -1.0 2.15e+05    -  2.07e-03 7.43e-04h  6
 288  1.9165490e+06 3.21e-01 1.35e+02  -1.0 2.14e+05    -  2.21e-03 7.35e-04h  6
 289  1.9200958e+06 3.21e-01 1.35e+02  -1.0 2.13e+05    -  1.61e-03 7.29e-04h  6
iter    objective    inf_pr   inf_du lg(mu)  ||d||  lg(rg) alpha_du alpha_pr  ls
 290  1.9235955e+06 3.20e-01 1.35e+02  -1.0 2.12e+05    -  1.99e-03 7.22e-04h  6
 291  1.9270662e+06 3.20e-01 1.35e+02  -1.0 2.10e+05    -  1.35e-03 7.20e-04h  6
 292  1.9304988e+06 3.20e-01 1.34e+02  -1.0 2.09e+05    -  3.07e-03 7.15e-04h  6
 293  1.9339574e+06 3.20e-01 1.34e+02  -1.0 2.07e+05    -  2.48e-03 7.25e-04h  6
 294  1.9374387e+06 3.20e-01 1.34e+02  -1.0 2.06e+05    -  1.21e-03 7.33e-04h  6
 295  1.9409022e+06 3.19e-01 1.34e+02  -1.0 2.05e+05    -  2.12e-03 7.31e-04h  6
 296  2.0529866e+06 3.12e-01 1.67e+02  -1.0 2.03e+05    -  1.32e-03 2.37e-02w  1
 297  2.0837874e+06 3.10e-01 1.77e+02  -1.0 1.61e+05    -  3.98e-03 7.05e-03w  1
 298  2.1070077e+06 3.08e-01 1.83e+02  -1.0 1.54e+05    -  4.28e-03 5.47e-03w  1
 299  1.9443919e+06 3.19e-01 1.34e+02  -1.0 1.51e+05    -  1.32e-03 7.40e-04h  5
iter    objective    inf_pr   inf_du lg(mu)  ||d||  lg(rg) alpha_du alpha_pr  ls
 300  1.9481805e+06 3.19e-01 1.34e+02  -1.0 2.02e+05    -  5.14e-04 8.06e-04h  5
 301  1.9516236e+06 3.19e-01 1.34e+02  -1.0 2.01e+05    -  2.86e-03 7.35e-04h  5
 302  1.9549611e+06 3.18e-01 1.34e+02  -1.0 1.99e+05    -  4.14e-04 7.16e-04h  5
 303  1.9581160e+06 3.18e-01 1.34e+02  -1.0 1.98e+05    -  2.80e-03 6.78e-04h  5
 304  1.9611804e+06 3.18e-01 1.33e+02  -1.0 1.96e+05    -  2.46e-03 6.62e-04h  5
 305  1.9642524e+06 3.18e-01 1.33e+02  -1.0 1.93e+05    -  1.14e-03 6.67e-04h  5
 306  1.9673228e+06 3.18e-01 1.33e+02  -1.0 1.92e+05    -  1.77e-03 6.68e-04h  5
 307  1.9703982e+06 3.17e-01 1.33e+02  -1.0 1.90e+05    -  1.16e-03 6.71e-04h  5
 308  1.9762237e+06 3.17e-01 1.33e+02  -1.0 1.89e+05    -  9.80e-04 1.27e-03h  4
 309  2.0175232e+06 3.14e-01 1.28e+02  -1.0 1.87e+05    -  2.68e-03 9.06e-03w  1
iter    objective    inf_pr   inf_du lg(mu)  ||d||  lg(rg) alpha_du alpha_pr  ls
 310  2.0277490e+06 3.13e-01 1.28e+02  -1.0 1.84e+05    -  3.66e-03 2.31e-03w  1
 311  2.0451372e+06 3.12e-01 1.27e+02  -1.0 1.80e+05    -  4.26e-03 3.96e-03w  1
 312  1.9813808e+06 3.17e-01 1.33e+02  -1.0 1.75e+05    -  2.68e-03 1.13e-03h  3
 313  1.9860322e+06 3.16e-01 1.32e+02  -1.0 1.90e+05    -  2.82e-03 1.03e-03h  4
 314  1.9903117e+06 3.16e-01 1.32e+02  -1.0 1.87e+05    -  1.23e-03 9.50e-04h  4
 315  1.9942367e+06 3.16e-01 1.32e+02  -1.0 1.86e+05    -  3.65e-03 8.75e-04h  4
 316  1.9981369e+06 3.15e-01 1.32e+02  -1.0 1.84e+05    -  5.44e-04 8.74e-04h  4
 317  2.0017808e+06 3.15e-01 1.32e+02  -1.0 1.83e+05    -  3.17e-03 8.18e-04h  4
 318  2.0056950e+06 3.15e-01 1.32e+02  -1.0 1.80e+05    -  2.25e-03 8.84e-04h  4
 319  2.0099045e+06 3.15e-01 1.32e+02  -1.0 1.78e+05    -  2.88e-03 9.54e-04h  4
iter    objective    inf_pr   inf_du lg(mu)  ||d||  lg(rg) alpha_du alpha_pr  ls
 320  2.0147578e+06 3.14e-01 1.31e+02  -1.0 1.75e+05    -  1.45e-03 1.11e-03h  4
 321  2.0197714e+06 3.14e-01 1.31e+02  -1.0 1.72e+05    -  1.15e-03 1.15e-03h  4
 322  2.0586782e+06 3.11e-01 1.27e+02  -1.0 1.86e+05    -  3.53e-03 8.91e-03w  1
 323  2.0763356e+06 3.10e-01 1.25e+02  -1.0 1.71e+05    -  3.21e-03 4.14e-03w  1
 324  2.0979526e+06 3.08e-01 1.24e+02  -1.0 1.66e+05    -  4.24e-03 5.13e-03w  1
 325  2.0246311e+06 3.13e-01 1.31e+02  -1.0 1.95e+05    -  3.53e-03 1.11e-03h  3
 326  2.0296830e+06 3.13e-01 1.31e+02  -1.0 1.74e+05    -  2.42e-03 1.16e-03h  4
 327  2.0347520e+06 3.13e-01 1.31e+02  -1.0 1.76e+05    -  3.46e-03 1.17e-03h  4
 328  2.0400062e+06 3.12e-01 1.30e+02  -1.0 2.10e+05    -  2.33e-03 1.22e-03h  4
 329  2.0450165e+06 3.12e-01 1.30e+02  -1.0 1.98e+05    -  6.92e-04 1.17e-03h  4
iter    objective    inf_pr   inf_du lg(mu)  ||d||  lg(rg) alpha_du alpha_pr  ls
 330  2.0496987e+06 3.12e-01 1.30e+02  -1.0 1.99e+05    -  1.75e-03 1.10e-03h  4
 331  2.0543226e+06 3.11e-01 1.30e+02  -1.0 1.98e+05    -  9.86e-04 1.09e-03h  4
 332  2.0585536e+06 3.11e-01 1.30e+02  -1.0 1.97e+05    -  4.60e-03 9.96e-04h  4
 333  2.0630598e+06 3.11e-01 1.29e+02  -1.0 1.93e+05    -  3.00e-03 1.07e-03h  4
 334  2.0678123e+06 3.10e-01 1.29e+02  -1.0 1.91e+05    -  2.97e-03 1.13e-03h  4
 335  2.1096550e+06 3.07e-01 1.24e+02  -1.0 1.88e+05    -  2.82e-03 9.98e-03w  1
 336  2.1353998e+06 3.05e-01 1.22e+02  -1.0 1.76e+05    -  2.55e-03 6.27e-03w  1
 337  2.1561890e+06 3.04e-01 1.20e+02  -1.0 1.72e+05    -  4.41e-03 5.13e-03w  1
 338  2.0730394e+06 3.10e-01 1.29e+02  -1.0 1.65e+05    -  2.82e-03 1.25e-03h  3
 339  2.0788935e+06 3.09e-01 1.29e+02  -1.0 1.85e+05    -  1.37e-03 1.40e-03h  4
iter    objective    inf_pr   inf_du lg(mu)  ||d||  lg(rg) alpha_du alpha_pr  ls
 340  2.0850237e+06 3.09e-01 1.28e+02  -1.0 1.86e+05    -  3.17e-03 1.47e-03h  4
 341  2.0913236e+06 3.09e-01 1.28e+02  -1.0 1.79e+05    -  1.30e-03 1.52e-03h  4
 342  2.0971009e+06 3.08e-01 1.28e+02  -1.0 1.77e+05    -  2.27e-03 1.40e-03h  4
 343  2.1025596e+06 3.08e-01 1.28e+02  -1.0 1.74e+05    -  3.95e-03 1.33e-03h  4
 344  2.1081041e+06 3.07e-01 1.27e+02  -1.0 1.72e+05    -  2.86e-03 1.35e-03h  4
 345  2.1138086e+06 3.07e-01 1.27e+02  -1.0 1.70e+05    -  1.70e-03 1.39e-03h  4
 346  2.1195778e+06 3.06e-01 1.27e+02  -1.0 1.68e+05    -  3.86e-03 1.41e-03h  4
 347  2.1261156e+06 3.06e-01 1.27e+02  -1.0 1.64e+05    -  2.60e-03 1.61e-03h  4
 348  2.1791948e+06 3.02e-01 1.18e+02  -1.0 1.60e+05    -  3.86e-03 1.31e-02w  1
 349  2.2079664e+06 3.00e-01 1.15e+02  -1.0 1.49e+05    -  5.09e-03 7.29e-03w  1
iter    objective    inf_pr   inf_du lg(mu)  ||d||  lg(rg) alpha_du alpha_pr  ls
 350  2.2312004e+06 2.98e-01 1.13e+02  -1.0 1.77e+05    -  4.77e-03 5.97e-03w  1
 351  2.1294308e+06 3.06e-01 1.26e+02  -1.0 1.93e+05    -  3.86e-03 8.19e-04h  4
 352  2.1360497e+06 3.05e-01 1.26e+02  -1.0 1.56e+05    -  2.70e-03 1.64e-03h  4
 353  2.1423570e+06 3.05e-01 1.26e+02  -1.0 1.53e+05    -  1.96e-03 1.57e-03h  4
 354  2.1484237e+06 3.04e-01 1.26e+02  -1.0 1.96e+05    -  3.33e-03 1.51e-03h  4
 355  2.1546355e+06 3.04e-01 1.25e+02  -1.0 2.17e+05    -  2.57e-03 1.55e-03h  4
 356  2.1610401e+06 3.03e-01 1.25e+02  -1.0 2.07e+05    -  2.76e-03 1.61e-03h  4
 357  2.1678421e+06 3.03e-01 1.25e+02  -1.0 2.06e+05    -  3.32e-03 1.71e-03h  4
 358  2.1713897e+06 3.03e-01 1.24e+02  -1.0 2.02e+05    -  2.12e-03 8.95e-04h  5
 359  2.1775970e+06 3.02e-01 1.24e+02  -1.0 2.00e+05    -  5.69e-04 1.57e-03h  4
iter    objective    inf_pr   inf_du lg(mu)  ||d||  lg(rg) alpha_du alpha_pr  ls
 360  2.1828154e+06 3.02e-01 1.24e+02  -1.0 1.98e+05    -  2.38e-03 1.32e-03h  4
 361  2.2205538e+06 2.99e-01 1.19e+02  -1.0 1.96e+05    -  7.23e-04 9.56e-03w  1
 362  2.2302201e+06 2.98e-01 1.19e+02  -1.0 1.86e+05    -  7.39e-03 2.49e-03w  1
 363  2.2457405e+06 2.97e-01 1.18e+02  -1.0 1.79e+05    -  7.15e-04 4.00e-03w  1
 364  2.1875309e+06 3.01e-01 1.24e+02  -1.0 3.17e+05    -  7.23e-04 1.19e-03h  3
 365  2.1917499e+06 3.01e-01 1.24e+02  -1.0 1.94e+05    -  4.78e-03 1.07e-03h  4
 366  2.1957604e+06 3.01e-01 1.23e+02  -1.0 1.90e+05    -  2.51e-03 1.02e-03h  4
 367  2.1995944e+06 3.00e-01 1.23e+02  -1.0 1.88e+05    -  6.07e-04 9.76e-04h  4
 368  2.2061075e+06 3.00e-01 1.23e+02  -1.0 3.24e+05    -  2.51e-03 1.65e-03h  3
 369  2.2127669e+06 2.99e-01 1.23e+02  -1.0 3.14e+05    -  2.75e-04 1.69e-03h  3
iter    objective    inf_pr   inf_du lg(mu)  ||d||  lg(rg) alpha_du alpha_pr  ls
 370  2.2186732e+06 2.99e-01 1.22e+02  -1.0 3.14e+05    -  1.64e-03 1.50e-03h  3
 371  2.2246767e+06 2.98e-01 1.22e+02  -1.0 3.12e+05    -  9.62e-04 1.52e-03h  3
 372  2.2307554e+06 2.98e-01 1.22e+02  -1.0 3.10e+05    -  9.22e-04 1.53e-03h  3
 373  2.2361936e+06 2.98e-01 1.22e+02  -1.0 3.17e+05    -  1.27e-03 1.37e-03h  3
 374  2.2566603e+06 2.96e-01 1.20e+02  -1.0 3.16e+05    -  1.44e-03 5.14e-03w  1
 375  2.2742503e+06 2.95e-01 1.19e+02  -1.0 3.12e+05    -  1.86e-03 4.42e-03w  1
 376  2.2904026e+06 2.94e-01 1.18e+02  -1.0 3.07e+05    -  2.27e-03 4.07e-03w  1
 377  2.2413094e+06 2.97e-01 1.21e+02  -1.0 3.01e+05    -  1.44e-03 1.29e-03h  2
 378  2.2465897e+06 2.97e-01 1.21e+02  -1.0 3.14e+05    -  1.36e-03 1.32e-03h  3
 379  2.2523595e+06 2.96e-01 1.21e+02  -1.0 3.13e+05    -  1.11e-03 1.44e-03h  3
iter    objective    inf_pr   inf_du lg(mu)  ||d||  lg(rg) alpha_du alpha_pr  ls
 380  2.2587023e+06 2.96e-01 1.21e+02  -1.0 3.12e+05    -  1.36e-03 1.58e-03h  3
 381  2.2621519e+06 2.96e-01 1.20e+02  -1.0 3.11e+05    -  6.85e-03 8.62e-04h  4
 382  2.2668934e+06 2.95e-01 1.20e+02  -1.0 3.08e+05    -  2.36e-03 1.18e-03h  4
 383  2.2720829e+06 2.95e-01 1.20e+02  -1.0 3.07e+05    -  6.99e-04 1.30e-03h  4
 384  2.2773060e+06 2.95e-01 1.20e+02  -1.0 3.05e+05    -  1.32e-03 1.31e-03h  4
 385  2.2808063e+06 2.94e-01 1.20e+02  -1.0 3.04e+05    -  1.03e-03 8.72e-04h  4
 386  2.2866698e+06 2.94e-01 1.19e+02  -1.0 3.03e+05    -  6.11e-04 1.46e-03h  3
 387  2.3029535e+06 2.93e-01 1.18e+02  -1.0 3.34e+05    -  1.79e-03 4.05e-03w  1
 388  2.3218591e+06 2.91e-01 1.17e+02  -1.0 3.03e+05    -  1.77e-03 4.69e-03w  1
 389  2.3387726e+06 2.90e-01 1.16e+02  -1.0 3.11e+05    -  3.51e-03 4.19e-03w  1
iter    objective    inf_pr   inf_du lg(mu)  ||d||  lg(rg) alpha_du alpha_pr  ls
 390  2.2907402e+06 2.94e-01 1.19e+02  -1.0 2.91e+05    -  1.79e-03 1.01e-03h  2
 391  2.2948037e+06 2.93e-01 1.19e+02  -1.0 3.24e+05    -  1.04e-03 1.01e-03h  3
 392  2.2989192e+06 2.93e-01 1.19e+02  -1.0 3.16e+05    -  9.20e-04 1.02e-03h  3
 393  2.3032835e+06 2.93e-01 1.19e+02  -1.0 3.17e+05    -  2.03e-03 1.07e-03h  3
 394  2.3086746e+06 2.92e-01 1.19e+02  -1.0 3.07e+05    -  1.33e-03 1.32e-03h  3
 395  2.3145993e+06 2.92e-01 1.18e+02  -1.0 3.02e+05    -  7.23e-04 1.45e-03h  3
 396  2.3203004e+06 2.91e-01 1.18e+02  -1.0 3.15e+05    -  2.25e-03 1.39e-03h  3
 397  2.3262928e+06 2.91e-01 1.18e+02  -1.0 3.08e+05    -  8.27e-04 1.45e-03h  3
 398  2.3322527e+06 2.91e-01 1.18e+02  -1.0 3.03e+05    -  1.25e-03 1.44e-03h  3
 399  2.3355038e+06 2.90e-01 1.17e+02  -1.0 2.98e+05    -  1.30e-03 7.82e-04h  4
iter    objective    inf_pr   inf_du lg(mu)  ||d||  lg(rg) alpha_du alpha_pr  ls
 400  2.3636325e+06 2.88e-01 1.15e+02  -1.0 3.00e+05    -  1.15e-03 6.73e-03w  1
 401  2.3831688e+06 2.87e-01 1.14e+02  -1.0 2.90e+05    -  2.42e-03 4.64e-03w  1
 402  2.4000797e+06 2.86e-01 1.13e+02  -1.0 2.99e+05    -  2.78e-03 4.01e-03w  1
 403  2.3390189e+06 2.90e-01 1.17e+02  -1.0 2.92e+05    -  1.15e-03 8.41e-04h  3
 404  2.3426518e+06 2.90e-01 1.17e+02  -1.0 2.97e+05    -  1.08e-03 8.62e-04h  4
 405  2.3464543e+06 2.90e-01 1.17e+02  -1.0 2.97e+05    -  1.10e-03 8.95e-04h  4
 406  2.3497653e+06 2.89e-01 1.17e+02  -1.0 3.09e+05    -  1.12e-03 7.77e-04h  4
 407  2.3530518e+06 2.89e-01 1.17e+02  -1.0 3.06e+05    -  1.47e-03 7.70e-04h  4
 408  2.3564655e+06 2.89e-01 1.17e+02  -1.0 3.03e+05    -  9.29e-04 7.99e-04h  4
 409  2.3599488e+06 2.89e-01 1.17e+02  -1.0 3.00e+05    -  2.89e-03 8.14e-04h  4
iter    objective    inf_pr   inf_du lg(mu)  ||d||  lg(rg) alpha_du alpha_pr  ls
 410  2.3640280e+06 2.88e-01 1.17e+02  -1.0 2.97e+05    -  9.76e-04 9.52e-04h  4
 411  2.3682215e+06 2.88e-01 1.16e+02  -1.0 2.96e+05    -  1.63e-03 9.79e-04h  4
 412  2.3729868e+06 2.88e-01 1.16e+02  -1.0 2.94e+05    -  2.28e-03 1.11e-03h  4
 413  2.4138381e+06 2.85e-01 1.12e+02  -1.0 2.93e+05    -  2.09e-03 9.53e-03w  1
 414  2.4337984e+06 2.84e-01 1.11e+02  -1.0 2.85e+05    -  4.72e-03 4.71e-03w  1
 415  2.4510787e+06 2.83e-01 1.10e+02  -1.0 2.82e+05    -  9.22e-04 4.09e-03w  1
 416  2.3780911e+06 2.87e-01 1.16e+02  -1.0 3.23e+05    -  2.09e-03 1.19e-03h  3
 417  2.3832822e+06 2.87e-01 1.16e+02  -1.0 2.92e+05    -  1.35e-03 1.21e-03h  4
 418  2.3885025e+06 2.87e-01 1.16e+02  -1.0 2.91e+05    -  3.53e-03 1.22e-03h  4
 419  2.3923139e+06 2.87e-01 1.15e+02  -1.0 2.89e+05    -  3.19e-04 8.88e-04h  4
iter    objective    inf_pr   inf_du lg(mu)  ||d||  lg(rg) alpha_du alpha_pr  ls
 420  2.3981771e+06 2.86e-01 1.15e+02  -1.0 3.37e+05    -  1.81e-03 1.37e-03h  3
 421  2.4037689e+06 2.86e-01 1.15e+02  -1.0 3.27e+05    -  1.39e-03 1.30e-03h  3
 422  2.4093770e+06 2.85e-01 1.15e+02  -1.0 3.22e+05    -  6.87e-04 1.30e-03h  3
 423  2.4148607e+06 2.85e-01 1.15e+02  -1.0 3.21e+05    -  1.16e-03 1.27e-03h  3
 424  2.4200100e+06 2.85e-01 1.14e+02  -1.0 3.41e+05    -  1.21e-03 1.18e-03h  3
 425  2.4249332e+06 2.84e-01 1.14e+02  -1.0 3.37e+05    -  1.35e-03 1.13e-03h  3
 426  2.4455491e+06 2.83e-01 1.13e+02  -1.0 3.32e+05    -  1.19e-03 4.69e-03w  1
 427  2.4611718e+06 2.82e-01 1.12e+02  -1.0 3.17e+05    -  2.08e-03 3.53e-03w  1
 428  2.4764269e+06 2.81e-01 1.11e+02  -1.0 3.12e+05    -  2.20e-03 3.43e-03w  1
 429  2.4300863e+06 2.84e-01 1.14e+02  -1.0 3.04e+05    -  1.19e-03 1.17e-03h  2
iter    objective    inf_pr   inf_du lg(mu)  ||d||  lg(rg) alpha_du alpha_pr  ls
 430  2.4357260e+06 2.84e-01 1.14e+02  -1.0 3.27e+05    -  1.15e-03 1.27e-03h  3
 431  2.4386825e+06 2.83e-01 1.14e+02  -1.0 3.22e+05    -  1.33e-03 6.64e-04h  4
 432  2.4420264e+06 2.83e-01 1.14e+02  -1.0 3.18e+05    -  1.32e-03 7.46e-04h  4
 433  2.4454368e+06 2.83e-01 1.14e+02  -1.0 3.16e+05    -  1.02e-03 7.54e-04h  4
 434  2.4489108e+06 2.83e-01 1.14e+02  -1.0 3.13e+05    -  1.05e-03 7.65e-04h  4
 435  2.4525311e+06 2.83e-01 1.13e+02  -1.0 3.10e+05    -  1.22e-03 7.94e-04h  4
 436  2.4564253e+06 2.82e-01 1.13e+02  -1.0 3.08e+05    -  1.17e-03 8.51e-04h  4
 437  2.4603000e+06 2.82e-01 1.13e+02  -1.0 3.08e+05    -  1.57e-03 8.45e-04h  4
 438  2.4643445e+06 2.82e-01 1.13e+02  -1.0 3.05e+05    -  7.20e-03 8.83e-04h  4
 439  2.5031482e+06 2.79e-01 1.10e+02  -1.0 2.99e+05    -  4.14e-04 8.47e-03w  1
iter    objective    inf_pr   inf_du lg(mu)  ||d||  lg(rg) alpha_du alpha_pr  ls
 440  2.5254479e+06 2.78e-01 1.08e+02  -1.0 2.81e+05    -  3.02e-03 4.92e-03w  1
 441  2.5508768e+06 2.77e-01 1.07e+02  -1.0 3.23e+05    -  1.76e-03 5.62e-03w  1
 442  2.4691935e+06 2.82e-01 1.13e+02  -1.0 3.11e+05    -  4.14e-04 1.06e-03h  3
 443  2.4737354e+06 2.81e-01 1.13e+02  -1.0 2.97e+05    -  2.64e-03 9.92e-04h  4
 444  2.4782745e+06 2.81e-01 1.13e+02  -1.0 2.95e+05    -  3.22e-04 9.89e-04h  4
 445  2.4820849e+06 2.81e-01 1.12e+02  -1.0 3.34e+05    -  1.51e-03 8.30e-04h  4
 446  2.4861606e+06 2.81e-01 1.12e+02  -1.0 3.29e+05    -  9.11e-04 8.86e-04h  4
 447  2.4903599e+06 2.80e-01 1.12e+02  -1.0 3.26e+05    -  2.34e-03 9.13e-04h  4
 448  2.4952890e+06 2.80e-01 1.12e+02  -1.0 3.20e+05    -  9.46e-04 1.07e-03h  4
 449  2.4993071e+06 2.80e-01 1.12e+02  -1.0 3.23e+05    -  2.54e-03 8.71e-04h  4
iter    objective    inf_pr   inf_du lg(mu)  ||d||  lg(rg) alpha_du alpha_pr  ls
 450  2.5038666e+06 2.79e-01 1.12e+02  -1.0 3.16e+05    -  1.29e-03 9.87e-04h  4
 451  2.5082972e+06 2.79e-01 1.12e+02  -1.0 3.23e+05    -  7.63e-04 9.55e-04h  4
 452  2.5421226e+06 2.77e-01 1.09e+02  -1.0 3.26e+05    -  1.00e-03 7.28e-03w  1
 453  2.5617459e+06 2.76e-01 1.08e+02  -1.0 3.16e+05    -  2.26e-03 4.22e-03w  1
 454  2.5788445e+06 2.75e-01 1.07e+02  -1.0 3.12e+05    -  2.26e-03 3.66e-03w  1
 455  2.5125244e+06 2.79e-01 1.12e+02  -1.0 3.04e+05    -  1.00e-03 9.10e-04h  3
 456  2.5166812e+06 2.79e-01 1.11e+02  -1.0 3.23e+05    -  9.55e-04 8.91e-04h  4
 457  2.5208343e+06 2.78e-01 1.11e+02  -1.0 3.24e+05    -  1.01e-03 8.86e-04h  4
 458  2.5250723e+06 2.78e-01 1.11e+02  -1.0 3.20e+05    -  1.01e-03 9.00e-04h  4
 459  2.5294615e+06 2.78e-01 1.11e+02  -1.0 3.17e+05    -  1.09e-03 9.28e-04h  4
iter    objective    inf_pr   inf_du lg(mu)  ||d||  lg(rg) alpha_du alpha_pr  ls
 460  2.5339989e+06 2.78e-01 1.11e+02  -1.0 3.14e+05    -  1.10e-03 9.55e-04h  4
 461  2.5383546e+06 2.77e-01 1.11e+02  -1.0 3.11e+05    -  1.65e-03 9.14e-04h  4
 462  2.5427321e+06 2.77e-01 1.11e+02  -1.0 3.09e+05    -  1.62e-03 9.19e-04h  4
 463  2.5472618e+06 2.77e-01 1.10e+02  -1.0 3.06e+05    -  1.14e-03 9.49e-04h  4
 464  2.5519167e+06 2.77e-01 1.10e+02  -1.0 3.05e+05    -  4.02e-03 9.75e-04h  4
 465  2.5981150e+06 2.74e-01 1.06e+02  -1.0 3.02e+05    -  6.52e-04 9.64e-03w  1
 466  2.6142693e+06 2.73e-01 1.06e+02  -1.0 2.85e+05    -  4.43e-03 3.41e-03w  1
 467  2.6372174e+06 2.72e-01 1.04e+02  -1.0 2.68e+05    -  3.06e-03 4.85e-03w  1
 468  2.5548031e+06 2.76e-01 1.10e+02  -1.0 2.62e+05    -  6.52e-04 6.02e-04h  4
 469  2.5604501e+06 2.76e-01 1.10e+02  -1.0 3.01e+05    -  1.08e-03 1.18e-03h  4
iter    objective    inf_pr   inf_du lg(mu)  ||d||  lg(rg) alpha_du alpha_pr  ls
 470  2.5658574e+06 2.76e-01 1.10e+02  -1.0 2.99e+05    -  1.79e-03 1.13e-03h  4
 471  2.5713153e+06 2.76e-01 1.10e+02  -1.0 2.96e+05    -  1.91e-03 1.14e-03h  4
 472  2.5767909e+06 2.75e-01 1.10e+02  -1.0 2.93e+05    -  2.40e-03 1.14e-03h  4
 473  2.5823889e+06 2.75e-01 1.09e+02  -1.0 2.90e+05    -  1.62e-03 1.17e-03h  4
 474  2.5880942e+06 2.75e-01 1.09e+02  -1.0 2.87e+05    -  2.45e-03 1.19e-03h  4
 475  2.5911191e+06 2.74e-01 1.09e+02  -1.0 2.82e+05    -  3.34e-03 6.32e-04h  5
 476  2.5945064e+06 2.74e-01 1.09e+02  -1.0 2.78e+05    -  1.09e-03 7.07e-04h  5
 477  2.5979318e+06 2.74e-01 1.09e+02  -1.0 2.76e+05    -  1.76e-03 7.14e-04h  5
 478  2.6552990e+06 2.71e-01 1.03e+02  -1.0 2.74e+05    -  2.52e-03 1.19e-02w  1
 479  2.7034367e+06 2.68e-01 1.01e+02  -1.0 2.57e+05    -  2.17e-03 1.02e-02w  1
iter    objective    inf_pr   inf_du lg(mu)  ||d||  lg(rg) alpha_du alpha_pr  ls
 480  2.7364495e+06 2.66e-01 1.08e+02  -1.0 2.83e+05    -  4.49e-03 7.01e-03w  1
 481  2.6015161e+06 2.74e-01 1.09e+02  -1.0 2.64e+05    -  2.52e-03 7.47e-04h  4
 482  2.6054175e+06 2.74e-01 1.09e+02  -1.0 2.71e+05    -  1.45e-03 8.13e-04h  5
 483  2.6108006e+06 2.73e-01 1.09e+02  -1.0 2.89e+05    -  6.29e-04 1.12e-03h  4
 484  2.6160216e+06 2.73e-01 1.08e+02  -1.0 3.02e+05    -  1.17e-03 1.08e-03h  4
 485  2.6212472e+06 2.73e-01 1.08e+02  -1.0 2.95e+05    -  1.42e-03 1.08e-03h  4
 486  2.6263842e+06 2.72e-01 1.08e+02  -1.0 2.91e+05    -  1.66e-03 1.07e-03h  4
 487  2.6314927e+06 2.72e-01 1.08e+02  -1.0 2.86e+05    -  1.18e-03 1.06e-03h  4
 488  2.6365665e+06 2.72e-01 1.08e+02  -1.0 2.85e+05    -  2.03e-03 1.05e-03h  4
 489  2.6418028e+06 2.72e-01 1.08e+02  -1.0 2.97e+05    -  7.86e-04 1.08e-03h  4
iter    objective    inf_pr   inf_du lg(mu)  ||d||  lg(rg) alpha_du alpha_pr  ls
 490  2.6469687e+06 2.71e-01 1.08e+02  -1.0 3.05e+05    -  1.26e-03 1.06e-03h  4
 491  2.6895615e+06 2.69e-01 1.04e+02  -1.0 3.00e+05    -  1.47e-03 8.75e-03w  1
 492  2.7096015e+06 2.68e-01 1.03e+02  -1.0 2.78e+05    -  6.41e-03 4.15e-03w  1
 493  2.7383941e+06 2.66e-01 1.02e+02  -1.0 2.69e+05    -  1.13e-03 5.96e-03w  1
 494  2.6522919e+06 2.71e-01 1.07e+02  -1.0 2.62e+05    -  1.47e-03 1.09e-03h  3
 495  2.6579389e+06 2.71e-01 1.07e+02  -1.0 2.98e+05    -  3.83e-03 1.16e-03h  4
 496  2.6610809e+06 2.70e-01 1.07e+02  -1.0 2.92e+05    -  2.51e-03 6.45e-04h  5
 497  2.6642681e+06 2.70e-01 1.07e+02  -1.0 2.89e+05    -  7.87e-04 6.52e-04h  5
 498  2.6673915e+06 2.70e-01 1.07e+02  -1.0 2.87e+05    -  2.76e-03 6.39e-04h  5
 499  2.6706652e+06 2.70e-01 1.07e+02  -1.0 2.83e+05    -  2.03e-03 6.68e-04h  5
iter    objective    inf_pr   inf_du lg(mu)  ||d||  lg(rg) alpha_du alpha_pr  ls
 500  2.6740685e+06 2.70e-01 1.07e+02  -1.0 2.80e+05    -  1.78e-03 6.93e-04h  5
 501  2.6776155e+06 2.70e-01 1.07e+02  -1.0 2.78e+05    -  1.58e-03 7.20e-04h  5
 502  2.6813139e+06 2.69e-01 1.07e+02  -1.0 2.75e+05    -  1.31e-03 7.48e-04h  5
 503  2.6851500e+06 2.69e-01 1.07e+02  -1.0 2.73e+05    -  1.25e-03 7.73e-04h  5
 504  2.7489159e+06 2.66e-01 1.00e+02  -1.0 2.71e+05    -  2.52e-03 1.28e-02w  1
 505  2.7771337e+06 2.64e-01 9.86e+01  -1.0 2.50e+05    -  3.69e-03 5.72e-03w  1
 506  2.8115087e+06 2.62e-01 1.00e+02  -1.0 2.36e+05    -  6.06e-03 6.99e-03w  1
 507  2.6891347e+06 2.69e-01 1.06e+02  -1.0 2.31e+05    -  2.52e-03 8.01e-04h  4
 508  2.6934431e+06 2.69e-01 1.06e+02  -1.0 2.67e+05    -  2.35e-03 8.63e-04h  5
 509  2.6979317e+06 2.68e-01 1.06e+02  -1.0 2.64e+05    -  1.01e-03 8.96e-04h  5
iter    objective    inf_pr   inf_du lg(mu)  ||d||  lg(rg) alpha_du alpha_pr  ls
 510  2.7023368e+06 2.68e-01 1.06e+02  -1.0 2.62e+05    -  2.34e-03 8.78e-04h  5
 511  2.7068206e+06 2.68e-01 1.06e+02  -1.0 2.60e+05    -  2.49e-03 8.93e-04h  5
 512  2.7114564e+06 2.68e-01 1.06e+02  -1.0 2.58e+05    -  1.29e-03 9.23e-04h  5
 513  2.7161327e+06 2.67e-01 1.06e+02  -1.0 2.56e+05    -  3.01e-03 9.30e-04h  5
 514  2.7211398e+06 2.67e-01 1.06e+02  -1.0 2.53e+05    -  2.03e-03 9.96e-04h  5
 515  2.7263811e+06 2.67e-01 1.05e+02  -1.0 2.51e+05    -  2.57e-03 1.04e-03h  5
 516  2.7319588e+06 2.67e-01 1.05e+02  -1.0 2.48e+05    -  1.68e-03 1.11e-03h  5
 517  2.8201073e+06 2.62e-01 1.11e+02  -1.0 2.46e+05    -  2.47e-03 1.75e-02w  1
 518  2.8702697e+06 2.59e-01 1.26e+02  -1.0 2.29e+05    -  5.79e-03 1.01e-02w  1
 519  2.9341407e+06 2.56e-01 1.50e+02  -1.0 2.23e+05    -  6.12e-03 1.29e-02w  1
iter    objective    inf_pr   inf_du lg(mu)  ||d||  lg(rg) alpha_du alpha_pr  ls
 520  2.7374674e+06 2.66e-01 1.05e+02  -1.0 2.18e+05    -  2.47e-03 1.09e-03h  4
 521  2.7430359e+06 2.66e-01 1.05e+02  -1.0 2.43e+05    -  2.15e-03 1.10e-03h  5
 522  2.7486855e+06 2.66e-01 1.05e+02  -1.0 2.41e+05    -  2.03e-03 1.12e-03h  5
 523  2.7544484e+06 2.65e-01 1.05e+02  -1.0 2.38e+05    -  2.23e-03 1.14e-03h  5
 524  2.7603993e+06 2.65e-01 1.04e+02  -1.0 2.36e+05    -  2.39e-03 1.17e-03h  5
 525  2.7635029e+06 2.65e-01 1.04e+02  -1.0 2.33e+05    -  2.18e-03 6.09e-04h  6
 526  2.7667759e+06 2.65e-01 1.04e+02  -1.0 2.32e+05    -  1.87e-03 6.42e-04h  6
 527  2.7702027e+06 2.65e-01 1.04e+02  -1.0 2.31e+05    -  2.06e-03 6.71e-04h  6
 528  2.7738141e+06 2.64e-01 1.04e+02  -1.0 2.31e+05    -  2.02e-03 7.06e-04h  6
 529  2.7776136e+06 2.64e-01 1.04e+02  -1.0 2.30e+05    -  2.02e-03 7.42e-04h  6
iter    objective    inf_pr   inf_du lg(mu)  ||d||  lg(rg) alpha_du alpha_pr  ls
 530  2.9055352e+06 2.58e-01 1.61e+02  -1.0 2.29e+05    -  1.83e-03 2.50e-02w  1
 531  2.9679624e+06 2.54e-01 1.86e+02  -1.0 2.18e+05    -  7.29e-03 1.25e-02w  1
 532  3.0182796e+06 2.52e-01 2.03e+02  -1.0 2.08e+05    -  6.77e-03 1.02e-02w  1
 533  2.7816108e+06 2.64e-01 1.04e+02  -1.0 2.04e+05    -  1.83e-03 7.80e-04h  5
 534  2.7857923e+06 2.64e-01 1.04e+02  -1.0 2.28e+05    -  1.92e-03 8.15e-04h  6
 535  2.7901798e+06 2.64e-01 1.04e+02  -1.0 2.27e+05    -  2.06e-03 8.54e-04h  6
 536  2.7947932e+06 2.63e-01 1.04e+02  -1.0 2.26e+05    -  1.97e-03 8.98e-04h  6
 537  2.7996028e+06 2.63e-01 1.04e+02  -1.0 2.26e+05    -  2.13e-03 9.35e-04h  6
 538  2.8044457e+06 2.63e-01 1.03e+02  -1.0 2.25e+05    -  1.89e-03 9.41e-04h  6
 539  2.8093288e+06 2.63e-01 1.03e+02  -1.0 2.25e+05    -  1.97e-03 9.48e-04h  6
iter    objective    inf_pr   inf_du lg(mu)  ||d||  lg(rg) alpha_du alpha_pr  ls
 540  2.8142810e+06 2.62e-01 1.03e+02  -1.0 2.24e+05    -  2.29e-03 9.60e-04h  6
 541  2.8193633e+06 2.62e-01 1.03e+02  -1.0 2.24e+05    -  2.06e-03 9.84e-04h  6
 542  2.8227912e+06 2.62e-01 1.03e+02  -1.0 2.23e+05    -  7.03e-04 6.63e-04h  6
 543  2.8971740e+06 2.58e-01 9.56e+01  -1.0 2.23e+05    -  2.40e-03 1.44e-02w  1
 544  2.9948309e+06 2.53e-01 1.49e+02  -1.0 2.16e+05    -  5.88e-03 1.92e-02w  1
 545  3.0687004e+06 2.49e-01 1.79e+02  -1.0 2.05e+05    -  8.19e-03 1.48e-02w  1
 546  2.8274400e+06 2.62e-01 1.03e+02  -1.0 2.01e+05    -  2.40e-03 8.99e-04h  4
 547  2.8327811e+06 2.61e-01 1.03e+02  -1.0 2.22e+05    -  2.11e-03 1.03e-03h  5
 548  2.8384528e+06 2.61e-01 1.03e+02  -1.0 2.21e+05    -  2.41e-03 1.10e-03h  5
 549  2.8415684e+06 2.61e-01 1.02e+02  -1.0 2.21e+05    -  2.64e-03 6.02e-04h  6
iter    objective    inf_pr   inf_du lg(mu)  ||d||  lg(rg) alpha_du alpha_pr  ls
 550  2.8450211e+06 2.61e-01 1.02e+02  -1.0 2.20e+05    -  1.94e-03 6.68e-04h  6
 551  2.8487263e+06 2.61e-01 1.02e+02  -1.0 2.19e+05    -  2.35e-03 7.17e-04h  6
 552  2.8527478e+06 2.60e-01 1.02e+02  -1.0 2.19e+05    -  5.85e-03 7.78e-04h  6
 553  2.8575841e+06 2.60e-01 1.02e+02  -1.0 2.17e+05    -  1.82e-03 9.36e-04h  6
 554  2.8626812e+06 2.60e-01 1.02e+02  -1.0 2.15e+05    -  1.36e-03 9.87e-04h  6
 555  2.8679765e+06 2.60e-01 1.02e+02  -1.0 2.13e+05    -  2.07e-03 1.03e-03h  6
 556  3.0472871e+06 2.51e-01 2.59e+02  -1.0 2.11e+05    -  1.94e-03 3.48e-02w  1
 557  3.2194432e+06 7.59e-01 4.58e+02  -1.0 2.02e+05    -  8.88e-03 3.48e-02w  1
 558  3.3696465e+06 1.23e+00 6.00e+02  -1.0 1.93e+05    -  1.21e-02 3.16e-02w  1
 559  2.8735798e+06 2.59e-01 1.02e+02  -1.0 1.86e+05    -  1.94e-03 1.09e-03h  5
iter    objective    inf_pr   inf_du lg(mu)  ||d||  lg(rg) alpha_du alpha_pr  ls
 560  2.8765279e+06 2.59e-01 1.02e+02  -1.0 2.11e+05    -  2.33e-03 5.72e-04h  7
 561  2.8796523e+06 2.59e-01 1.02e+02  -1.0 2.11e+05    -  1.93e-03 6.06e-04h  7
 562  2.8829257e+06 2.59e-01 1.01e+02  -1.0 2.11e+05    -  1.81e-03 6.35e-04h  7
 563  2.8863402e+06 2.59e-01 1.01e+02  -1.0 2.10e+05    -  2.19e-03 6.62e-04h  7
 564  2.8899262e+06 2.59e-01 1.01e+02  -1.0 2.10e+05    -  1.88e-03 6.95e-04h  7
 565  2.8936599e+06 2.58e-01 1.01e+02  -1.0 2.10e+05    -  3.38e-03 7.24e-04h  7
 566  2.8976591e+06 2.58e-01 1.01e+02  -1.0 2.10e+05    -  1.40e-03 7.75e-04h  7
 567  2.9017709e+06 2.58e-01 1.01e+02  -1.0 2.10e+05    -  3.85e-03 7.98e-04h  7
 568  2.9061836e+06 2.58e-01 1.01e+02  -1.0 2.10e+05    -  3.14e-03 8.56e-04h  7
 569  3.2046712e+06 1.54e+00 6.47e+02  -1.0 2.09e+05    -  1.37e-03 5.79e-02w  1
iter    objective    inf_pr   inf_du lg(mu)  ||d||  lg(rg) alpha_du alpha_pr  ls
 570  3.3676135e+06 2.08e+00 8.10e+02  -1.0 1.94e+05    -  1.22e-02 3.40e-02w  1
 571  3.5862264e+06 3.08e+00 1.10e+03  -1.0 1.86e+05    -  1.39e-02 4.75e-02w  1
 572  2.9108472e+06 2.57e-01 1.01e+02  -1.0 1.74e+05    -  1.37e-03 9.05e-04h  6
 573  2.9156108e+06 2.57e-01 1.01e+02  -1.0 2.09e+05    -  3.40e-03 9.26e-04h  7
 574  2.9204519e+06 2.57e-01 1.01e+02  -1.0 2.09e+05    -  3.09e-03 9.41e-04h  7
 575  2.9253509e+06 2.57e-01 1.00e+02  -1.0 2.09e+05    -  1.86e-03 9.53e-04h  7
 576  2.9302725e+06 2.57e-01 1.00e+02  -1.0 2.08e+05    -  3.82e-03 9.58e-04h  7
 577  2.9352836e+06 2.56e-01 1.00e+02  -1.0 2.08e+05    -  1.42e-03 9.75e-04h  7
 578  2.9403063e+06 2.56e-01 1.00e+02  -1.0 2.08e+05    -  4.51e-03 9.79e-04h  7
 579  2.9454494e+06 2.56e-01 9.99e+01  -1.0 2.08e+05    -  3.63e-03 1.00e-03h  7
iter    objective    inf_pr   inf_du lg(mu)  ||d||  lg(rg) alpha_du alpha_pr  ls
 580  2.9506918e+06 2.55e-01 9.98e+01  -1.0 2.07e+05    -  1.36e-03 1.02e-03h  7
 581  2.9559513e+06 2.55e-01 9.97e+01  -1.0 2.07e+05    -  4.00e-03 1.03e-03h  7
 582  3.3002401e+06 2.27e+00 8.45e+02  -1.0 2.07e+05    -  4.38e-03 6.73e-02w  1
 583  3.4623588e+06 2.76e+00 9.96e+02  -1.0 1.89e+05    -  5.69e-03 3.44e-02w  1
 584  3.8718269e+06 6.57e+00 2.06e+03  -1.0 1.81e+05    -  1.06e-02 9.07e-02w  1
 585  2.9613306e+06 2.55e-01 9.95e+01  -1.0 1.59e+05    -  4.38e-03 1.05e-03h  6
 586  2.9668616e+06 2.55e-01 9.94e+01  -1.0 2.06e+05    -  5.88e-04 1.08e-03h  7
 587  2.9723862e+06 2.54e-01 9.93e+01  -1.0 2.06e+05    -  2.62e-03 1.08e-03h  7
 588  2.9779991e+06 2.54e-01 9.91e+01  -1.0 2.06e+05    -  4.30e-03 1.10e-03h  7
 589  2.9837745e+06 2.54e-01 9.90e+01  -1.0 2.06e+05    -  1.36e-03 1.13e-03h  7
iter    objective    inf_pr   inf_du lg(mu)  ||d||  lg(rg) alpha_du alpha_pr  ls
 590  2.9895813e+06 2.54e-01 9.88e+01  -1.0 2.05e+05    -  4.13e-03 1.14e-03h  7
 591  2.9925682e+06 2.53e-01 9.88e+01  -1.0 2.05e+05    -  8.79e-04 5.84e-04h  8
 592  2.9955685e+06 2.53e-01 9.87e+01  -1.0 2.05e+05    -  5.68e-03 5.87e-04h  8
 593  2.9986638e+06 2.53e-01 9.86e+01  -1.0 2.05e+05    -  1.88e-03 6.06e-04h  8
 594  3.0017858e+06 2.53e-01 9.86e+01  -1.0 2.05e+05    -  1.22e-02 6.12e-04h  8
 595  3.4264648e+06 3.78e+00 1.25e+03  -1.0 2.04e+05    -  8.49e-04 8.32e-02w  1
 596  3.8267980e+06 7.28e+00 2.22e+03  -1.0 1.83e+05    -  8.22e-03 8.71e-02w  1
 597  4.2125211e+06 9.96e+00 5.78e+03  -1.0 1.62e+05    -  1.08e-02 9.44e-02w  1
 598  3.0051035e+06 2.53e-01 9.85e+01  -1.0 3.64e+06    -  8.49e-04 6.50e-04h  7
 599  3.0084197e+06 2.53e-01 9.84e+01  -1.0 2.04e+05    -  1.22e-03 6.49e-04h  8
iter    objective    inf_pr   inf_du lg(mu)  ||d||  lg(rg) alpha_du alpha_pr  ls
 600  3.0117335e+06 2.52e-01 9.83e+01  -1.0 2.04e+05    -  1.44e-03 6.49e-04h  8
 601  3.0150507e+06 2.52e-01 9.83e+01  -1.0 2.04e+05    -  6.62e-04 6.50e-04h  8
 602  3.0183624e+06 2.52e-01 9.82e+01  -1.0 2.04e+05    -  6.79e-03 6.48e-04h  8
 603  3.0217361e+06 2.52e-01 9.81e+01  -1.0 2.04e+05    -  1.15e-03 6.61e-04h  8
 604  3.0251128e+06 2.52e-01 9.80e+01  -1.0 2.12e+05    -  6.63e-04 6.61e-04h  8
 605  3.0284830e+06 2.52e-01 9.80e+01  -1.0 2.13e+05    -  1.84e-03 6.61e-04h  8
 606  3.0318617e+06 2.51e-01 9.79e+01  -1.0 2.12e+05    -  1.53e-03 6.63e-04h  8
 607  3.0352461e+06 2.51e-01 9.78e+01  -1.0 6.19e+06    -  2.13e-05 6.64e-04h  8
 608  3.1719742e+06 2.45e-01 3.09e+05  -1.0 7.00e+08    -  6.12e-06 2.64e-02w  1
 609  3.1742842e+06 2.45e-01 3.09e+05  -1.0 7.67e+11    -  2.39e-05 2.43e-05w  1
iter    objective    inf_pr   inf_du lg(mu)  ||d||  lg(rg) alpha_du alpha_pr  ls
 610  3.1783276e+06 2.45e-01 3.10e+05  -1.0 7.67e+11    -  4.83e-05 4.26e-05w  1
 611  3.0355131e+06 2.51e-01 9.78e+01  -1.0 7.63e+11    -  6.12e-06 5.16e-05h  9
 612r 3.0355131e+06 2.51e-01 9.99e+02   0.7 0.00e+00    -  0.00e+00 4.24e-07R  8
 613r 3.0367280e+06 2.40e-01 9.57e+02   0.7 1.76e+05    -  4.24e-02 9.90e-04f  1
 614  2.9818282e+06 2.40e-01 2.22e+02  -1.0 2.37e+07    -  1.28e-02 2.14e-04f  4
 615  2.9408276e+06 2.40e-01 2.20e+02  -1.0 3.21e+06    -  7.81e-03 6.99e-04f  5
 616  2.8992514e+06 2.40e-01 2.19e+02  -1.0 2.01e+06    -  7.57e-03 1.06e-03f  5
 617  2.8586663e+06 2.40e-01 2.17e+02  -1.0 1.45e+06    -  1.00e-02 1.38e-03f  5
 618  2.8539251e+06 2.39e-01 2.13e+02  -1.0 1.04e+06    -  1.67e-02 2.17e-04f  8
 619  2.2584679e+06 1.19e+01 2.09e+02  -1.0 7.13e+05    -  1.92e-02 3.93e-02f  1
iter    objective    inf_pr   inf_du lg(mu)  ||d||  lg(rg) alpha_du alpha_pr  ls
 620  2.1020778e+06 1.25e+01 2.07e+02  -1.0 4.58e+05    -  9.20e-03 2.13e-02f  1
 621  2.0626087e+06 1.23e+01 2.05e+02  -1.0 5.03e+05  -7.8 8.92e-03 8.48e-03f  1
 622  2.0400722e+06 1.20e+01 2.00e+02  -1.0 1.54e+05  -7.4 2.51e-02 1.38e-02f  1
 623  2.0238386e+06 1.19e+01 1.99e+02  -1.0 8.15e+05  -7.8 5.68e-03 7.98e-03f  1
 624  2.0208359e+06 1.19e+01 1.98e+02  -1.0 1.99e+06    -  6.92e-03 2.79e-03f  1
 625  2.0164033e+06 1.16e+01 1.81e+02  -1.0 1.05e+05    -  8.98e-02 2.08e-02f  1
 626  2.0801064e+06 1.10e+01 1.72e+02  -1.0 5.43e+04    -  4.34e-02 1.08e-01h  1
 627  2.1189478e+06 1.08e+01 1.59e+02  -1.0 7.76e+02  -2.0 8.53e-02 5.11e-02h  1
 628  2.1191492e+06 1.08e+01 1.49e+02  -1.0 8.15e+07    -  6.50e-02 3.37e-04h  1
 629  2.1565834e+06 1.00e+01 1.41e+02  -1.0 4.53e+03    -  5.59e-02 6.13e-02h  1
iter    objective    inf_pr   inf_du lg(mu)  ||d||  lg(rg) alpha_du alpha_pr  ls
 630  2.2334999e+06 1.13e+01 1.31e+02  -1.0 1.07e+03    -  6.54e-02 1.31e-01h  1
 631  2.3194497e+06 1.06e+01 1.18e+02  -1.0 5.50e+02    -  9.90e-02 1.60e-01h  1
 632  2.3802403e+06 9.27e+00 1.05e+02  -1.0 3.03e+02    -  1.09e-01 1.25e-01h  1
 633  2.4357929e+06 7.98e+00 9.47e+01  -1.0 2.68e+02    -  9.28e-02 1.24e-01h  1
 634  2.4923681e+06 6.53e+00 8.62e+01  -1.0 2.39e+02    -  8.76e-02 1.41e-01h  1
 635  2.5365900e+06 5.31e+00 7.78e+01  -1.0 2.09e+02    -  9.66e-02 1.26e-01h  1
 636  2.5807527e+06 4.05e+00 6.86e+01  -1.0 2.05e+02    -  1.16e-01 1.42e-01h  1
 637  2.6185678e+06 3.99e+00 6.17e+01  -1.0 2.32e+02    -  9.83e-02 1.39e-01h  1
 638  2.6490093e+06 3.77e+00 5.52e+01  -1.0 2.56e+02    -  1.04e-01 1.28e-01h  1
 639  2.6774127e+06 3.30e+00 4.94e+01  -1.0 2.85e+02    -  9.71e-02 1.35e-01h  1
iter    objective    inf_pr   inf_du lg(mu)  ||d||  lg(rg) alpha_du alpha_pr  ls
 640  2.7019682e+06 2.60e+00 4.37e+01  -1.0 3.14e+02    -  1.00e-01 1.33e-01h  1
 641  2.7276538e+06 1.48e+00 3.69e+01  -1.0 3.47e+02    -  1.08e-01 1.59e-01h  1
 642  2.7474735e+06 2.09e-01 3.16e+01  -1.0 3.85e+02    -  1.08e-01 1.43e-01h  1
 643  2.7633173e+06 2.15e-02 2.75e+01  -1.0 4.28e+02    -  2.33e-01 1.29e-01h  1
 644  2.7813564e+06 1.80e-02 2.31e+01  -1.0 5.50e+02    -  5.65e-02 1.62e-01h  1
 645  2.7946222e+06 1.55e-02 1.99e+01  -1.0 5.77e+02    -  1.02e-01 1.39e-01h  1
 646  2.8120021e+06 1.23e-02 1.58e+01  -1.0 6.34e+02    -  1.16e-01 2.05e-01h  1
 647  2.8202742e+06 1.09e-02 1.39e+01  -1.0 7.04e+02    -  3.63e-01 1.16e-01h  1
 648  2.8342806e+06 8.73e-03 1.12e+01  -1.0 1.06e+03    -  3.62e-01 2.00e-01h  1
 649  2.8503294e+06 6.56e-03 1.29e+01  -1.0 1.55e+03    -  3.14e-01 2.48e-01h  1
iter    objective    inf_pr   inf_du lg(mu)  ||d||  lg(rg) alpha_du alpha_pr  ls
 650  2.9060661e+06 6.56e-05 3.90e+01  -1.0 2.04e+03    -  3.09e-01 9.90e-01h  1
 651  2.9192715e+06 3.03e-06 1.00e+03  -1.0 2.20e+03    -  7.42e-01 9.54e-01f  1
 652  2.9276320e+06 8.97e-13 3.11e+04  -1.0 4.35e+03    -  6.93e-01 1.00e+00f  1
 653  2.9293615e+06 7.46e-13 4.09e+06  -1.0 5.25e+03    -  5.46e-01 1.00e+00f  1
 654  2.9296352e+06 6.70e-13 1.57e+06  -1.0 6.15e+03    -  6.16e-01 1.00e+00f  1
 655  2.9297811e+06 3.53e-13 4.39e+05  -1.0 6.58e+03    -  7.20e-01 1.00e+00f  1
 656  2.9298678e+06 7.25e-13 8.62e+04  -1.0 7.79e+03    -  8.04e-01 1.00e+00f  1
 657  2.9298894e+06 4.94e-13 7.49e-02  -1.0 6.55e+03    -  1.00e+00 1.00e+00f  1
 658  2.8496033e+06 1.23e-02 5.13e+04  -2.5 1.76e+04    -  8.51e-01 8.45e-01f  1
 659  2.8391746e+06 1.13e-01 1.65e+05  -2.5 7.26e+03    -  1.00e+00 8.79e-01f  1
iter    objective    inf_pr   inf_du lg(mu)  ||d||  lg(rg) alpha_du alpha_pr  ls
 660  2.8385339e+06 3.68e-13 1.13e-02  -2.5 1.18e+03    -  1.00e+00 1.00e+00f  1
 661  2.8385545e+06 4.17e-13 4.37e-05  -2.5 1.88e+01    -  1.00e+00 1.00e+00h  1
 662  2.8367487e+06 5.23e-05 2.23e+04  -3.8 7.86e+02    -  9.66e-01 8.74e-01f  1
 663  2.8366660e+06 4.85e-13 8.81e-03  -3.8 9.70e+01    -  1.00e+00 1.00e+00f  1
 664  2.8366709e+06 7.37e-13 1.29e-03  -3.8 1.67e+01    -  1.00e+00 1.00e+00h  1
 665  2.8365983e+06 4.13e-06 1.75e+03  -5.7 3.46e+01    -  9.74e-01 8.45e-01f  1
 666  2.8365907e+06 4.53e-13 4.48e+02  -5.7 1.66e+00    -  1.00e+00 7.86e-01f  1
 667  2.8365888e+06 4.03e-13 1.03e-05  -5.7 3.11e-01    -  1.00e+00 1.00e+00f  1
 668  2.8365881e+06 5.13e-12 4.81e+01  -8.6 2.77e-01    -  9.98e-01 7.10e-01f  1
 669  2.8365880e+06 1.36e-11 1.27e+01  -8.6 7.96e-02    -  1.00e+00 7.39e-01f  1
iter    objective    inf_pr   inf_du lg(mu)  ||d||  lg(rg) alpha_du alpha_pr  ls
 670  2.8365879e+06 4.02e-13 5.88e-09  -8.6 2.08e-02    -  1.00e+00 1.00e+00f  1

Number of Iterations....: 670

                                   (scaled)                 (unscaled)
Objective...............:   3.6942141077061085e+05    2.8365878837455856e+06
Dual infeasibility......:   5.8807470858018504e-09    4.5155086967376064e-08
Constraint violation....:   4.0234482412415673e-13    4.0234482412415673e-13
Variable bound violation:   1.8473129248519626e-08    1.8473129248519626e-08
Complementarity.........:   4.5992524340310431e-09    3.5315180301665755e-08
Overall NLP error.......:   5.8807470858018504e-09    4.5155086967376064e-08


Number of objective function evaluations             = 2819
Number of objective gradient evaluations             = 671
Number of equality constraint evaluations            = 2819
Number of inequality constraint evaluations          = 2819
Number of equality constraint Jacobian evaluations   = 672
Number of inequality constraint Jacobian evaluations = 672
Number of Lagrangian Hessian evaluations             = 670
Total seconds in IPOPT (w/o function evaluations)    =    276.583
Total seconds in NLP function evaluations            =     44.246


Timing Statistics:

OverallAlgorithm....................:    320.830 (sys:      0.000 wall:    320.829)
 PrintProblemStatistics.............:      0.005 (sys:      0.000 wall:      0.003)
 InitializeIterates.................:      0.682 (sys:      0.000 wall:      0.683)
 UpdateHessian......................:      4.097 (sys:      0.000 wall:      4.060)
 OutputIteration....................:      0.056 (sys:      0.000 wall:      0.060)
 UpdateBarrierParameter.............:      0.688 (sys:      0.000 wall:      0.654)
 ComputeSearchDirection.............:    205.156 (sys:      0.000 wall:    205.213)
 ComputeAcceptableTrialPoint........:     95.559 (sys:      0.000 wall:     95.482)
 AcceptTrialPoint...................:      0.874 (sys:      0.000 wall:      0.902)
 CheckConvergence...................:     13.710 (sys:      0.000 wall:     13.770)
PDSystemSolverTotal.................:    234.601 (sys:      0.000 wall:    234.641)
 PDSystemSolverSolveOnce............:    220.799 (sys:      0.000 wall:    220.785)
 ComputeResiduals...................:      9.786 (sys:      0.000 wall:      9.930)
 StdAugSystemSolverMultiSolve.......:    215.203 (sys:      0.000 wall:    215.399)
 LinearSystemScaling................:      0.000 (sys:      0.000 wall:      0.000)
 LinearSystemSymbolicFactorization..:      0.259 (sys:      0.000 wall:      0.259)
 LinearSystemFactorization..........:     99.043 (sys:      0.000 wall:     99.185)
 LinearSystemBackSolve..............:    104.915 (sys:      0.000 wall:    104.846)
 LinearSystemStructureConverter.....:      3.492 (sys:      0.000 wall:      3.509)
  LinearSystemStructureConverterInit:      0.101 (sys:      0.000 wall:      0.101)
QualityFunctionSearch...............:      0.000 (sys:      0.000 wall:      0.000)
TryCorrector........................:      0.000 (sys:      0.000 wall:      0.000)
Task1...............................:      0.000 (sys:      0.000 wall:      0.000)
Task2...............................:      0.000 (sys:      0.000 wall:      0.000)
Task3...............................:      0.000 (sys:      0.000 wall:      0.000)
Task4...............................:      0.000 (sys:      0.000 wall:      0.000)
Task5...............................:      0.000 (sys:      0.000 wall:      0.000)
Task6...............................:      0.000 (sys:      0.000 wall:      0.000)
Function Evaluations................:     44.212 (sys:      0.000 wall:     44.246)
 Objective function.................:      0.129 (sys:      0.000 wall:      0.115)
 Objective function gradient........:      0.289 (sys:      0.000 wall:      0.298)
 Equality constraints...............:     31.678 (sys:      0.000 wall:     31.662)
 Inequality constraints.............:      0.294 (sys:      0.000 wall:      0.277)
 Equality constraint Jacobian.......:      1.022 (sys:      0.000 wall:      1.130)
 Inequality constraint Jacobian.....:      6.796 (sys:      0.000 wall:      6.791)
 Lagrangian Hessian.................:      4.004 (sys:      0.000 wall:      3.973)

EXIT: Optimal Solution Found.
